"<HEADER software/>"
EwEVersion,"6.7.0.17868 (compiled 5/31/2022)"
Date,"8/7/2023 5:44:24 PM"
"<HEADER ecopath/>"
ModelName,1
"<HEADER ecosim/>"
EcosimScenario,sim-spa_01
TimeSeries,TS_updated_IB13
StartYear,1980
"<HEADER end/>"

Data,"Prey of Reef omnivores"

timestep\group,"Benthic coastal invertebrate feeders","Pink shrimp","Brown shrimp","White shrimp",Crab,"Sessile epifauna","Mobile epifauna",Zooplankton,Infauna,Algae,Seagrass,Phytoplankton,Detritus,
1,0.0009621469,0.001074219,0.0001042414,0.003591147,0.02259805,0.2327102,0.08806989,0.1471651,0.1155748,0.1388083,0.05460647,0.07123803,0.1234975
2,0.0008699734,0.001016113,0.0001020453,0.003383294,0.01964794,0.2146596,0.08240696,0.1596545,0.1086914,0.1547758,0.05597296,0.07629923,0.1225202
3,0.0007292273,0.0009151673,9.706205E-05,0.003050124,0.01600702,0.1859563,0.07412113,0.1854887,0.1002562,0.1789855,0.05176122,0.08315299,0.1194794
4,0.0007054611,0.0009271606,0.000100728,0.003069544,0.01514677,0.1816663,0.07505213,0.2067071,0.09960341,0.1754078,0.04660763,0.07612085,0.1188851
5,0.0007461323,0.0009954852,0.0001082288,0.003266514,0.01570101,0.1901601,0.08072373,0.2151946,0.1027619,0.1603641,0.04439773,0.0667012,0.1188791
6,0.0008725047,0.001131045,0.0001192606,0.003664307,0.01784335,0.2153169,0.09142097,0.2049929,0.1092929,0.1375609,0.04191981,0.05629821,0.1195669
7,0.001050769,0.001287569,0.000130121,0.004128807,0.02066913,0.2492045,0.1032134,0.1761882,0.1157446,0.1197166,0.04095041,0.04909641,0.1186194
8,0.001199398,0.001378917,0.0001341892,0.004403039,0.02249507,0.2754158,0.1096687,0.1401486,0.1178355,0.1155338,0.04577316,0.04877693,0.1172368
9,0.001375603,0.001466373,0.0001357846,0.004655925,0.02435307,0.3070112,0.11558,0.1080133,0.1194714,0.1066198,0.04768442,0.04720902,0.1164242
10,0.001542355,0.001522552,0.0001346323,0.004825212,0.02565295,0.3375724,0.1191296,0.07851391,0.1202807,0.0990444,0.04976003,0.04664057,0.1153806
11,0.001586958,0.001469115,0.0001262417,0.004676734,0.02478804,0.3460777,0.1148581,0.05546139,0.1174596,0.1042856,0.05814076,0.05365986,0.1174099
12,0.001855163,0.001573222,0.0001260827,0.004972183,0.0270584,0.4003803,0.12216,0.03727778,0.120718,0.07974767,0.04714178,0.04258617,0.1144033
13,0.001832813,0.001460053,0.0001139993,0.004678042,0.02371131,0.4184772,0.1080222,0.02348413,0.1124433,0.08663592,0.05728193,0.05231039,0.1095488
14,0.001571167,0.001215548,9.493318E-05,0.003962751,0.01924336,0.3705512,0.09184553,0.01819806,0.1072069,0.1157467,0.07166083,0.07817319,0.12053
15,0.001476619,0.00113828,9.007137E-05,0.003771986,0.01738708,0.3628242,0.08708335,0.01677074,0.1122876,0.1182224,0.06639244,0.08314906,0.1294061
16,0.001259148,0.001024667,8.579299E-05,0.003462464,0.01455379,0.3299667,0.07903367,0.01971605,0.1156699,0.1384584,0.06438552,0.09900599,0.1333779
17,0.001023267,0.0009327705,8.487359E-05,0.003191693,0.01191362,0.2922445,0.07142437,0.03185573,0.1173281,0.1662608,0.05414701,0.1158347,0.1337585
18,0.0009310551,0.0009567796,9.178819E-05,0.003247573,0.01117331,0.2867447,0.0713222,0.06012834,0.1212361,0.1627854,0.04287571,0.1080275,0.1304796
19,0.0009090016,0.001029672,0.0001004298,0.003426898,0.01135969,0.2947657,0.07435984,0.09508637,0.1235628,0.1444028,0.03699938,0.09039401,0.1236034
20,0.0009689223,0.00114984,0.0001092536,0.003725294,0.01252091,0.3204053,0.08062546,0.117394,0.1257356,0.1180907,0.03283662,0.07091384,0.1155242
21,0.001069499,0.001275458,0.0001155318,0.004028133,0.01407932,0.3536043,0.0873645,0.1225795,0.1261419,0.09652349,0.03009614,0.05670412,0.1064182
22,0.001073706,0.001277523,0.000112202,0.003978788,0.01420842,0.356042,0.08652238,0.1179747,0.119167,0.1018934,0.03746426,0.05855261,0.1017331
23,0.001123619,0.00130613,0.0001099075,0.004015143,0.01477391,0.3719766,0.08785725,0.1096748,0.1158373,0.09690115,0.0399266,0.05557749,0.10092
24,0.001048155,0.001215896,0.0001018967,0.003742356,0.01366068,0.3516847,0.08205298,0.1056704,0.1089329,0.1133124,0.04906746,0.0653519,0.1041583
25,0.0009977357,0.001147926,9.602472E-05,0.00356997,0.01152381,0.387195,0.07016264,0.09178382,0.0993378,0.1163,0.04738455,0.06948077,0.1010201
26,0.0009391992,0.001097713,9.324617E-05,0.003451707,0.01093974,0.3696392,0.0680773,0.09516948,0.1022135,0.1230667,0.04550646,0.07419575,0.10561
27,0.0008906518,0.001076177,9.349779E-05,0.003410187,0.01056752,0.3559651,0.06713799,0.1029349,0.1052851,0.1268433,0.04271226,0.07580089,0.1072824
28,0.0008997884,0.001116676,9.752921E-05,0.003531961,0.01093984,0.3619716,0.06944775,0.1086226,0.1096538,0.1181827,0.03905709,0.0697239,0.1067549
29,0.0008721788,0.001121019,9.907151E-05,0.003539393,0.01088743,0.3534694,0.06937244,0.1138414,0.1103374,0.1215032,0.03904924,0.07082476,0.105083
30,0.0008917089,0.001168601,0.000102545,0.003658156,0.0114111,0.3608993,0.07172021,0.1150265,0.1123287,0.1149705,0.03737961,0.06635659,0.1040864
31,0.0009604012,0.001256845,0.0001073814,0.003882898,0.01254014,0.3850164,0.07641622,0.1109506,0.1156722,0.09976227,0.0345423,0.05772419,0.1011682
32,0.00103018,0.00132653,0.0001094824,0.004047421,0.0136237,0.4082136,0.08010828,0.1019514,0.1169655,0.08931158,0.03377264,0.05252717,0.09701258
33,0.001125194,0.001395984,0.0001093999,0.004197774,0.01493096,0.4397237,0.08395466,0.08937966,0.1174821,0.07698447,0.03205145,0.04656764,0.09209705
34,0.001189776,0.001410923,0.000105079,0.004199787,0.01571338,0.4606055,0.08498493,0.07608595,0.1154832,0.0722779,0.03367278,0.04578088,0.0884899
35,0.001054706,0.001229137,9.067354E-05,0.00367835,0.01379789,0.4123506,0.07505898,0.06844927,0.1066354,0.1043515,0.04794773,0.07018212,0.0951737
36,0.0009372617,0.001110679,8.415338E-05,0.003378328,0.01223769,0.3747303,0.06859962,0.07175491,0.1051653,0.1255841,0.04714688,0.08417741,0.1050934
37,0.0007937503,0.001025957,8.522959E-05,0.003161798,0.01153907,0.2942097,0.06860694,0.1067989,0.1096097,0.1509311,0.04460288,0.09385283,0.1147822
38,0.0007230318,0.001020139,9.13797E-05,0.00315881,0.01075302,0.2774328,0.06683221,0.1427691,0.1073336,0.1524732,0.03898783,0.08630936,0.1121156
39,0.0006543261,0.001008385,9.657953E-05,0.003127729,0.01000623,0.2566641,0.06490742,0.1791316,0.1028846,0.1577461,0.03568265,0.08082495,0.1072655
40,0.0006043772,0.001003091,0.000101072,0.003105988,0.009503671,0.2380862,0.06387504,0.2096532,0.09817129,0.1633289,0.03326333,0.07618094,0.1031228
41,0.0005854703,0.00102085,0.0001061669,0.0031486,0.009436763,0.2270843,0.06486723,0.230785,0.09524217,0.1642126,0.03187532,0.07104971,0.1005858
42,0.000652956,0.001134891,0.0001171568,0.003465144,0.01068637,0.2423109,0.07212729,0.2336241,0.09854856,0.1449682,0.03107037,0.06018331,0.1011105
43,0.0008066312,0.001331553,0.0001316525,0.004002897,0.01318706,0.2815897,0.08430298,0.2184327,0.105516,0.1153862,0.02782496,0.04745149,0.1000363
44,0.001032501,0.001568353,0.0001462787,0.004654224,0.01658205,0.3380339,0.09844974,0.1799793,0.1126072,0.09005369,0.02407919,0.03718857,0.09562511
45,0.001266587,0.001742445,0.0001520614,0.005117755,0.01965099,0.3928234,0.108452,0.1347854,0.1147249,0.07642479,0.02412876,0.03236323,0.08836756
46,0.001337457,0.001681613,0.0001398836,0.004932682,0.01983491,0.4018385,0.1047996,0.09724404,0.1079927,0.09050026,0.0384759,0.04270549,0.08851681
47,0.001125366,0.001355918,0.0001139039,0.004041559,0.015962,0.3399728,0.08611013,0.07600845,0.09684908,0.1392273,0.06013201,0.0756989,0.1034026
48,0.001081696,0.001284419,0.0001112077,0.003905351,0.01488021,0.332455,0.08243509,0.06680141,0.1008738,0.1439203,0.05536583,0.08028045,0.1166054
49,0.00110922,0.001299821,0.000111393,0.004028999,0.01339957,0.3881897,0.07626544,0.05660023,0.1020732,0.1256231,0.04658486,0.07309775,0.1116168
50,0.00104998,0.001248096,0.0001075743,0.003929629,0.01257291,0.3740933,0.07410598,0.05572225,0.1072729,0.1324486,0.04496221,0.07971989,0.1127667
51,0.0009894145,0.00121357,0.0001054543,0.003851509,0.01188379,0.3602951,0.07226651,0.05880817,0.1107063,0.1399292,0.0415678,0.08507049,0.1133128
52,0.0009408918,0.00120585,0.0001057082,0.00383117,0.01145496,0.3505622,0.07145106,0.06689609,0.1133622,0.1436858,0.03729431,0.08682372,0.1123861
53,0.0009254921,0.00123604,0.0001081858,0.003902381,0.01149432,0.3506017,0.07245788,0.07750954,0.1157318,0.1392559,0.033661,0.08294731,0.1101685
54,0.0009651628,0.001315669,0.000112505,0.004099784,0.01222725,0.3668322,0.07610053,0.08547246,0.1186377,0.1237462,0.03093559,0.07289381,0.1066611
55,0.001069113,0.001440253,0.0001169882,0.004405981,0.01371405,0.4018123,0.08220075,0.08635838,0.1218382,0.1000567,0.02743918,0.05901612,0.1005319
56,0.001214822,0.001569063,0.0001184005,0.004704699,0.01559029,0.4477144,0.08861692,0.07904723,0.1231141,0.0773207,0.02351842,0.04620842,0.09126245
57,0.001273043,0.001566657,0.0001109913,0.004643145,0.01616292,0.4630274,0.08836505,0.06772213,0.1179991,0.07711738,0.02840201,0.04783871,0.08577141
58,0.001202248,0.001424399,9.688093E-05,0.004210325,0.01498666,0.4375225,0.08110441,0.05951226,0.1095258,0.09742792,0.0399208,0.0631956,0.08987024
59,0.001137094,0.001320273,8.849741E-05,0.003928196,0.01395082,0.4180897,0.07611907,0.05655622,0.1069513,0.1089996,0.0431864,0.07175907,0.0979137
60,0.001054493,0.001232999,8.391537E-05,0.003715558,0.01283411,0.3955389,0.07190823,0.0604983,0.1071339,0.1201113,0.04332353,0.0789379,0.103627
61,0.001000675,0.001204296,8.793417E-05,0.003652648,0.01274606,0.3676985,0.07252328,0.07359422,0.1113283,0.1251812,0.04180546,0.08026887,0.1089087
62,0.0008957924,0.001139899,9.071224E-05,0.003489545,0.01164122,0.3395827,0.0684032,0.09301347,0.1091385,0.1389751,0.0399031,0.08530177,0.1084251
63,0.0008360682,0.001126716,9.623702E-05,0.003458335,0.01114913,0.3239648,0.06698374,0.1165201,0.1080301,0.142194,0.03616361,0.08235702,0.1071202
64,0.0008273307,0.001165831,0.000104319,0.003564949,0.01134128,0.3228318,0.06849267,0.1362465,0.1084931,0.1345128,0.03365931,0.07395472,0.1048054
65,0.0008669914,0.001246065,0.0001135817,0.003776804,0.01216803,0.3353619,0.07237826,0.1448523,0.1100922,0.1207177,0.03229503,0.06414913,0.101982
66,0.0009631097,0.001367004,0.0001232139,0.004088853,0.01371347,0.3645729,0.07862506,0.139261,0.1128631,0.1021576,0.0303773,0.05370057,0.09818687
67,0.001094048,0.001493403,0.0001304837,0.004404724,0.01562721,0.4033459,0.0853064,0.1219044,0.1148837,0.08523764,0.02855167,0.04521167,0.09280878
68,0.001204227,0.001559497,0.0001315,0.004553993,0.01707303,0.434266,0.08897214,0.09928556,0.1137817,0.07789095,0.03030601,0.04268394,0.08829153
69,0.001246586,0.001529124,0.0001251269,0.004446503,0.01739967,0.4441532,0.08777595,0.07891501,0.109693,0.08184927,0.03688021,0.04772553,0.08826087
70,0.001153206,0.001371667,0.0001123722,0.004022407,0.01581217,0.413394,0.07993557,0.06574407,0.1037362,0.1048956,0.04818078,0.06554497,0.09609699
71,0.001011099,0.001216088,0.0001038772,0.003641265,0.0137204,0.3717222,0.071976,0.06358305,0.1019445,0.1310161,0.05005669,0.08358929,0.1064195
72,0.001022556,0.001243094,0.0001087178,0.003759234,0.01388742,0.3824603,0.07376225,0.06581195,0.1079887,0.1199566,0.0432484,0.07618995,0.1105608
73,0.0009620212,0.001218106,0.0001099914,0.003713469,0.013272,0.3667506,0.07241631,0.07479253,0.1104468,0.1250404,0.0421054,0.07897484,0.1101975
74,0.0009204203,0.001213599,0.0001118871,0.003702113,0.01289733,0.3581268,0.07155699,0.08517016,0.1110895,0.1271801,0.0399993,0.07873875,0.1092932
75,0.0009009074,0.001233263,0.0001151611,0.003748427,0.0128573,0.3553653,0.07190926,0.09666072,0.1116496,0.1247263,0.0379537,0.07529341,0.1075865
76,0.0008982339,0.001265666,0.0001186667,0.003821959,0.01305237,0.3563725,0.0729437,0.1067615,0.1117386,0.1202005,0.03671946,0.07077603,0.1053307
77,0.0008716599,0.00126374,0.0001193845,0.003798792,0.01286995,0.347037,0.07217399,0.1168839,0.1094896,0.1236879,0.03745655,0.07083576,0.1035119
78,0.0009108782,0.001327589,0.0001238286,0.003951302,0.01361527,0.3592508,0.07511203,0.1213156,0.1104008,0.1128322,0.03567864,0.06332275,0.1021584
79,0.001025868,0.001456777,0.0001306003,0.004265763,0.0154161,0.3960148,0.08165809,0.1170421,0.1136734,0.09025875,0.03097241,0.05063617,0.09744911
80,0.001155934,0.001567003,0.0001338713,0.004523351,0.0173135,0.4356182,0.08733383,0.1034165,0.1147784,0.07378019,0.02816286,0.04201493,0.09020147
81,0.001070543,0.001413937,0.0001193728,0.004086484,0.01585457,0.4014473,0.07942683,0.09242555,0.1054926,0.1019242,0.04341392,0.06093016,0.09239461
82,0.0009889521,0.001297321,0.0001106772,0.00378586,0.01449541,0.3729719,0.07358753,0.09141947,0.1019784,0.1193826,0.04674703,0.07231914,0.1009157
83,0.0009126136,0.001222369,0.0001078514,0.003619312,0.01333251,0.3487573,0.06978257,0.1011472,0.1020458,0.1304232,0.0450342,0.07782948,0.1057856
84,0.0009133628,0.001246144,0.0001121512,0.003712579,0.01339349,0.3503938,0.07100559,0.1120061,0.1054848,0.1225573,0.04088189,0.0713686,0.1069243
85,0.0009071137,0.001265929,0.0001110141,0.00378163,0.01301246,0.3437475,0.0723731,0.1233277,0.1076098,0.119825,0.0399125,0.06804189,0.1060842
86,0.0008449843,0.001220624,0.0001064912,0.003664589,0.01181014,0.3213647,0.06950909,0.1354944,0.1045194,0.1324971,0.04125715,0.07273908,0.1049722
87,0.0008272075,0.001228165,0.0001062079,0.003688539,0.01131726,0.3130274,0.06951014,0.1471387,0.1038534,0.133807,0.03967018,0.07071973,0.1051061
88,0.0008774635,0.001310854,0.0001104113,0.003913108,0.01177595,0.3260266,0.07360969,0.1522134,0.1065772,0.1202454,0.03710623,0.06202085,0.1042128
89,0.0009454862,0.001397963,0.0001138237,0.004143839,0.01242526,0.3428243,0.07800321,0.148888,0.1086864,0.1088364,0.03632624,0.05564391,0.1017654
90,0.001038859,0.001488932,0.0001154582,0.004372359,0.01329674,0.3661136,0.08271263,0.137786,0.1102645,0.09767711,0.03587883,0.05027548,0.09897944
91,0.00120986,0.001630856,0.0001165591,0.004711001,0.01495575,0.4124691,0.09021203,0.1206814,0.1130365,0.07679763,0.03068386,0.04026587,0.09322947
92,0.001364692,0.001712405,0.000113135,0.004897703,0.01618037,0.4527965,0.0947658,0.09797484,0.1128253,0.06558202,0.02965583,0.03574227,0.08638902
93,0.001530648,0.001758086,0.0001052253,0.004964784,0.01725214,0.4969073,0.09777247,0.07608726,0.1105808,0.05460445,0.0278946,0.031395,0.07914729
94,0.00157713,0.001663897,9.160098E-05,0.004680587,0.01680719,0.5075859,0.09387545,0.05662468,0.1048052,0.05939244,0.03625883,0.03803198,0.07860507
95,0.001454013,0.001438615,7.532004E-05,0.004083709,0.01464294,0.4720891,0.08325607,0.04359957,0.09834433,0.08102866,0.05220273,0.05824526,0.08953959
96,0.001184697,0.001167992,6.29922E-05,0.003427179,0.01140735,0.3986514,0.06974447,0.04136206,0.09651881,0.1201296,0.05997602,0.08929586,0.1070715
97,0.0008915315,0.001003388,6.451537E-05,0.003070074,0.009220769,0.2826134,0.06519286,0.07592017,0.1039892,0.1700136,0.05104139,0.1141825,0.1227966
98,0.0007649908,0.0009932957,7.400596E-05,0.003087728,0.007941225,0.2608252,0.06230227,0.1330788,0.1031903,0.1711689,0.03852135,0.1004358,0.1176162
99,0.0006843322,0.001012847,8.393428E-05,0.00315415,0.007263221,0.2434732,0.06140596,0.1879614,0.09956342,0.1674907,0.03317136,0.08537901,0.1093565
100,0.0007644873,0.001177858,9.751048E-05,0.003599135,0.008238517,0.2678834,0.06944017,0.2089976,0.1033639,0.1358,0.02991261,0.06456417,0.1061606
101,0.000983547,0.001472265,0.0001148134,0.004399979,0.01058418,0.3285161,0.08451562,0.1972989,0.1123552,0.09440516,0.02171557,0.04443911,0.09919959
102,0.001258927,0.001761151,0.0001253858,0.005147052,0.01318179,0.3994262,0.09909955,0.1628447,0.1177483,0.06491356,0.01561071,0.0305234,0.08835923
103,0.001504021,0.001918199,0.0001219999,0.005491073,0.01496333,0.4577812,0.1065097,0.1222918,0.1146392,0.05579423,0.01644143,0.02657274,0.07597122
104,0.001709,0.001960456,0.0001103537,0.005521194,0.01588782,0.505743,0.1082568,0.08764937,0.1076076,0.05179131,0.01982287,0.02619443,0.06774586
105,0.001823909,0.001880561,9.43838E-05,0.005247788,0.0156884,0.5333697,0.1043242,0.0603151,0.0992429,0.05379314,0.02765585,0.03028358,0.06628043
106,0.001725652,0.001631347,7.597106E-05,0.004576771,0.01370619,0.5095035,0.0921924,0.04114547,0.09087917,0.07196888,0.04755041,0.0470407,0.07800349
107,0.001385096,0.001276551,6.076316E-05,0.003700347,0.01028138,0.4267395,0.07455158,0.034441,0.08744583,0.11059,0.06737015,0.07983752,0.1023203
108,0.001005483,0.001013891,5.674796E-05,0.003114087,0.007244364,0.3380465,0.06062137,0.04565748,0.09177491,0.1605202,0.06004811,0.1118914,0.1190056
109,0.0009231782,0.0009907025,5.45175E-05,0.003153349,0.006280886,0.3926993,0.05443993,0.05543402,0.09486543,0.1422772,0.04138614,0.09569141,0.111804
110,0.0008313899,0.00099861,5.638148E-05,0.003244117,0.006126905,0.3688315,0.05447424,0.0824237,0.1028724,0.1441395,0.03395439,0.09309598,0.1089508
111,0.0007844056,0.001047523,5.958525E-05,0.003388763,0.006341078,0.3559305,0.05566878,0.1129764,0.1060692,0.1396769,0.02921583,0.08469406,0.1041471
112,0.0007863382,0.001136233,6.338478E-05,0.003609388,0.006941783,0.3566902,0.05853978,0.136814,0.1077647,0.1279904,0.02713102,0.07319329,0.0993395
113,0.0007883722,0.001207523,6.579227E-05,0.003760658,0.007490315,0.352611,0.06057248,0.152715,0.1065561,0.1238774,0.02788671,0.06720849,0.09526018
114,0.0007988362,0.00126883,6.718007E-05,0.003878951,0.008031854,0.3486488,0.06238788,0.1606999,0.1045891,0.122737,0.02965591,0.06379785,0.09343787
115,0.0009196032,0.001440186,6.96031E-05,0.004287789,0.009617345,0.3847496,0.06959102,0.1554371,0.1082747,0.09810423,0.02624804,0.05036088,0.0909
116,0.001016589,0.001550369,6.917604E-05,0.004540928,0.01088197,0.4086705,0.07422402,0.1399311,0.1086961,0.08926242,0.02791402,0.04595422,0.08728843
117,0.001103219,0.00161018,6.519233E-05,0.004647576,0.01189793,0.4279406,0.07689746,0.1211746,0.10721,0.08551574,0.03115871,0.0451333,0.08564545
118,0.001194467,0.001650764,6.011498E-05,0.00471178,0.01283839,0.449589,0.07906021,0.1015994,0.1061145,0.08050653,0.03328231,0.04415801,0.08523449
119,0.001294519,0.001680817,5.456902E-05,0.004757673,0.01376097,0.4755731,0.08106308,0.0816845,0.1056236,0.0736435,0.03398756,0.04232836,0.08454772
120,0.001267828,0.001571192,4.726105E-05,0.004463597,0.01326745,0.4614007,0.07698851,0.06541181,0.1020762,0.08712616,0.04334508,0.0537495,0.08928467
121,0.001145275,0.001385871,4.108334E-05,0.004000151,0.01166264,0.4411274,0.06796665,0.05381824,0.09729971,0.1070308,0.04843935,0.06986521,0.09621772
122,0.001050755,0.001286383,3.944203E-05,0.003793824,0.01078716,0.410231,0.06428409,0.05424965,0.1005491,0.1223682,0.04601073,0.08095024,0.1043994
123,0.0009994822,0.001265981,4.100327E-05,0.003792731,0.0104825,0.3962111,0.06362997,0.06153857,0.1058434,0.1255556,0.04082887,0.08245929,0.1073515
124,0.0009529112,0.001268517,4.393756E-05,0.003832316,0.01031099,0.3831104,0.06341222,0.07450438,0.1094854,0.1275187,0.03667077,0.08226712,0.1066224
125,0.0009063242,0.00127687,4.748049E-05,0.003861984,0.01016735,0.3679701,0.06298527,0.09184433,0.110578,0.130798,0.03342196,0.08175236,0.1043899
126,0.0009285655,0.001355797,5.209832E-05,0.004058525,0.01079952,0.3748559,0.06567018,0.1059833,0.1129663,0.1191671,0.03036143,0.07226243,0.1015388
127,0.001008554,0.001482308,5.616384E-05,0.004360059,0.01208587,0.3993098,0.07053277,0.1116499,0.1159523,0.09974544,0.02754348,0.05969391,0.0965793
128,0.001106279,0.001596103,5.768124E-05,0.004607254,0.01351461,0.4268032,0.07497008,0.1077997,0.1168743,0.08496463,0.02633821,0.05092483,0.09044305
129,0.001194529,0.001660569,5.594967E-05,0.0047119,0.0147023,0.4491349,0.0775417,0.09770299,0.1152582,0.0775378,0.02760167,0.04726828,0.08562922
130,0.001270512,0.001680639,5.198791E-05,0.004701856,0.01560116,0.4672608,0.07856926,0.08532707,0.1125875,0.07359154,0.02993891,0.04630813,0.08311071
131,0.001256171,0.001592379,4.618849E-05,0.004437741,0.01528768,0.4567299,0.07520893,0.07470526,0.1077995,0.08405425,0.03759159,0.05521948,0.08607093
132,0.001123547,0.001408641,4.063742E-05,0.003975188,0.01354078,0.4106237,0.06771124,0.07084161,0.1029356,0.111921,0.04543696,0.07488831,0.09555272
133,0.001016502,0.001326546,4.542221E-05,0.003813609,0.01249388,0.3497937,0.06611282,0.0852978,0.1060422,0.1353406,0.04462393,0.08687177,0.1072214
134,0.0009334291,0.001295257,5.363987E-05,0.003782946,0.01142124,0.3284982,0.06400587,0.1067184,0.1064595,0.1423957,0.03943654,0.08643391,0.1085654
135,0.0008753134,0.001300321,6.432438E-05,0.003831372,0.01075581,0.312211,0.06325568,0.1326581,0.106166,0.1446687,0.03529032,0.08234338,0.1065797
136,0.0008342926,0.001321016,7.599813E-05,0.003902536,0.0103339,0.2978682,0.06310379,0.1574898,0.1045837,0.1463713,0.03268439,0.0779053,0.1035258
137,0.0008454893,0.001393582,8.883121E-05,0.004097966,0.01054793,0.2966771,0.06541795,0.1735817,0.1044567,0.1397529,0.03137676,0.07042646,0.1013366
138,0.0009553443,0.001569171,0.0001033548,0.004550932,0.01193758,0.3227806,0.07249507,0.1742679,0.1084607,0.1170671,0.02906733,0.05756846,0.09917648
139,0.001145324,0.001801689,0.0001159579,0.005124104,0.01418634,0.3689204,0.08213795,0.1597427,0.1133698,0.09048546,0.02487847,0.04449503,0.09359676
140,0.001346761,0.001984857,0.0001225033,0.005561209,0.01635411,0.4147186,0.08982582,0.1312121,0.1149811,0.07550542,0.02406824,0.03772895,0.08659031
141,0.001540245,0.002088821,0.0001207029,0.005763959,0.01812071,0.4571085,0.09447162,0.1028704,0.1132251,0.06568784,0.0247886,0.03424469,0.07996877
142,0.001535912,0.001936403,0.0001073467,0.005325485,0.01736796,0.4475797,0.08864006,0.07983153,0.1052813,0.08262534,0.03905404,0.04786824,0.0828466
143,0.001353034,0.001643193,9.229136E-05,0.004586604,0.01470919,0.3964908,0.07697522,0.06748632,0.0985767,0.1155597,0.05275889,0.0727369,0.0970313
144,0.00124162,0.00150504,8.907891E-05,0.004300783,0.0131354,0.3705462,0.07177564,0.0671504,0.1008003,0.1287697,0.050347,0.08207908,0.1082598
145,0.001205008,0.001500928,9.759631E-05,0.00435154,0.01273472,0.3470569,0.07353699,0.07921239,0.1081143,0.1293438,0.04693262,0.08099799,0.1149153
146,0.001087104,0.001432105,0.0001037183,0.004217007,0.01130475,0.3229894,0.06977189,0.09818293,0.1075367,0.1403988,0.04449724,0.08478728,0.113691
147,0.001044659,0.001444684,0.0001129009,0.004272422,0.0107857,0.3157451,0.06950651,0.1183247,0.1077735,0.1386823,0.04072743,0.07957488,0.1120053
148,0.001054165,0.001508587,0.0001236039,0.004450967,0.0108504,0.3194499,0.07153247,0.1343092,0.1086391,0.1295159,0.03827226,0.07111094,0.1091825
149,0.001096823,0.001591876,0.0001333266,0.004667698,0.01123622,0.3290446,0.07449853,0.1419952,0.1091211,0.1196021,0.03737261,0.06360874,0.1060312
150,0.001144675,0.001658203,0.0001399598,0.004831724,0.01161455,0.3377572,0.0768873,0.142352,0.1084485,0.1139168,0.0383313,0.05937379,0.103544
151,0.00114267,0.001649855,0.0001409291,0.004800121,0.01143092,0.3324479,0.07623972,0.1412089,0.1053264,0.1192169,0.04201604,0.06138014,0.1029994
152,0.001275921,0.001780153,0.0001482885,0.005125117,0.01252189,0.3616777,0.0818036,0.1333683,0.1078319,0.1015867,0.03841804,0.05223868,0.1022238
153,0.001402939,0.001878068,0.0001528082,0.005377292,0.01344955,0.388448,0.08607655,0.1201764,0.1092162,0.09023426,0.03751525,0.04711908,0.09895362
154,0.001425944,0.00183815,0.0001475639,0.005264248,0.01328517,0.3894865,0.08458189,0.1067559,0.1062747,0.09621309,0.04370968,0.05219825,0.09881891
155,0.001259322,0.001615201,0.000133021,0.004683414,0.01140553,0.3465991,0.07525076,0.1035153,0.09960634,0.1267657,0.05283149,0.07150549,0.1048295
156,0.001119495,0.001476972,0.0001282298,0.004358635,0.009968892,0.3139866,0.06931536,0.1148893,0.09798663,0.1460187,0.04936687,0.08111122,0.1102731
157,0.001139946,0.001480935,0.0001248633,0.004421452,0.009203233,0.3942593,0.06472903,0.1034802,0.09676303,0.1183159,0.0382331,0.06637376,0.1014752
158,0.001150384,0.001495152,0.000123797,0.004500865,0.009326104,0.392909,0.06615091,0.1056615,0.1028095,0.1140657,0.03620455,0.06536115,0.1002414
159,0.001147875,0.001495732,0.0001212202,0.004510024,0.009384429,0.3869641,0.06657568,0.1066923,0.1058371,0.1153368,0.03560672,0.06700934,0.09931882
160,0.001147073,0.001501306,0.0001191025,0.004517755,0.009477591,0.3815658,0.06695247,0.1080844,0.1078426,0.1167055,0.03487516,0.06822246,0.09898879
161,0.001180141,0.001542495,0.0001189942,0.004612739,0.009860526,0.386137,0.06869194,0.108448,0.1104464,0.1116784,0.033457,0.06550533,0.09832093
162,0.001219201,0.001583724,0.0001185228,0.004699951,0.01028348,0.3919055,0.07037886,0.1071706,0.1122904,0.1070865,0.03298223,0.06324957,0.09703136
163,0.001237983,0.001595538,0.0001161401,0.004703055,0.01050759,0.3914519,0.0708381,0.1049907,0.1125114,0.1075954,0.03389312,0.0641762,0.09638277
164,0.001298218,0.001642247,0.0001151218,0.004796415,0.01105468,0.4028137,0.07284005,0.1011044,0.1140751,0.1007054,0.03308683,0.06074721,0.09572061
165,0.001335032,0.001655549,0.0001122435,0.004803313,0.01136558,0.4075043,0.07353803,0.0966601,0.1143216,0.09895625,0.03407254,0.06072246,0.09495301
166,0.001389921,0.001677127,0.0001092996,0.004830759,0.01179147,0.4174103,0.07470461,0.09098662,0.1149887,0.09441773,0.03416869,0.05906953,0.09445525
167,0.001377801,0.001629774,0.0001035799,0.004686845,0.01161904,0.409687,0.07306708,0.08658281,0.1135352,0.100742,0.03705284,0.06440903,0.09550703
168,0.001424348,0.001641058,0.000100808,0.004701355,0.01193757,0.4188787,0.07398516,0.08231463,0.11493,0.09558238,0.03593871,0.06209818,0.09646709
169,0.001315841,0.001560602,0.0001013139,0.004490267,0.01165275,0.3332694,0.07432164,0.09815428,0.1164572,0.1276358,0.04386285,0.08037942,0.1067987
170,0.001191842,0.001476154,0.0001027738,0.00428312,0.01052196,0.3079596,0.06967735,0.1151537,0.1111141,0.1428765,0.04138482,0.08538851,0.1088696
171,0.001114103,0.001453344,0.0001086754,0.004247507,0.009866912,0.2920508,0.06774927,0.1389273,0.1086919,0.1473363,0.03739158,0.08286475,0.1081976
172,0.001060301,0.001456581,0.0001160181,0.004275636,0.00945602,0.2792451,0.06694033,0.1629769,0.1064788,0.1489079,0.03459892,0.07865154,0.1058359
173,0.001156225,0.001605473,0.0001292797,0.004674061,0.01036204,0.2982847,0.0726412,0.1725802,0.109996,0.1277185,0.03163862,0.06496244,0.1042512
174,0.001267101,0.001743257,0.0001398473,0.005037362,0.01133658,0.3177375,0.07797309,0.1693425,0.1120343,0.1139247,0.03169899,0.05690151,0.1008633
175,0.001449947,0.001913943,0.0001480151,0.005460759,0.01281015,0.3510219,0.08492953,0.1541946,0.1146208,0.09708677,0.0305751,0.04861603,0.09717239
176,0.001671586,0.002072276,0.0001518648,0.005838235,0.01442943,0.3912156,0.09164765,0.1316587,0.1162681,0.08185815,0.02927945,0.0418229,0.09208606
177,0.001856458,0.002139208,0.0001480144,0.005973691,0.01550971,0.4233782,0.0949233,0.1068567,0.1149005,0.0749934,0.03133087,0.04009088,0.08789916
178,0.001887866,0.00203233,0.0001345866,0.005667957,0.01516317,0.4254674,0.09132442,0.08588884,0.1096574,0.08367132,0.04076307,0.04860628,0.08973537
179,0.001744079,0.001797719,0.0001180116,0.005070604,0.01346993,0.3955827,0.08248238,0.07261717,0.1042499,0.1055038,0.0518547,0.06627782,0.09923109
180,0.001641727,0.001661102,0.0001108578,0.00477029,0.01230795,0.3787535,0.07765011,0.06776368,0.1051895,0.1150858,0.05219804,0.0744978,0.1083696
181,0.001447683,0.001525967,0.0001092106,0.004512002,0.01082347,0.3151616,0.07479066,0.08293111,0.1087159,0.1398501,0.05346311,0.08836306,0.1183061
182,0.001268076,0.001431979,0.0001112832,0.004337626,0.009239629,0.2896914,0.06980547,0.1074942,0.1070026,0.1528819,0.04739336,0.09112321,0.1182193
183,0.001217884,0.001461427,0.0001198166,0.004472397,0.008782153,0.2865291,0.07022829,0.1337048,0.1077975,0.1462175,0.04197823,0.08154782,0.115943
184,0.001105862,0.001427923,0.0001244219,0.004412107,0.007965992,0.2668329,0.06763532,0.1632844,0.103604,0.1536942,0.03970868,0.07947111,0.1107331
185,0.001010407,0.001396348,0.0001279815,0.004336436,0.00729717,0.2467566,0.06529222,0.1916168,0.09839287,0.1628981,0.03682775,0.07756232,0.106485
186,0.001036766,0.001479537,0.000137628,0.004581528,0.007501839,0.2493431,0.06838173,0.2075615,0.09823634,0.1532589,0.0349003,0.06854337,0.1050375
187,0.001173979,0.001659233,0.0001513467,0.005098837,0.008448622,0.2721779,0.07591596,0.2067705,0.1019834,0.1318722,0.03337284,0.05722313,0.104152
188,0.001438855,0.001926391,0.0001655179,0.00583843,0.01013984,0.317638,0.08723031,0.1887155,0.1078424,0.1039207,0.02912375,0.0449428,0.1010774
189,0.001718118,0.00214176,0.0001736894,0.006454583,0.01170405,0.3630587,0.09628606,0.1510773,0.1109788,0.09058283,0.02973046,0.039631,0.09646264
190,0.001837753,0.002136312,0.000165,0.006434076,0.01194405,0.3786156,0.09623556,0.119784,0.1073479,0.09643912,0.03893548,0.04479546,0.09532977
191,0.001926423,0.002090872,0.0001543855,0.006310587,0.01187518,0.3918811,0.09487899,0.09516378,0.1048348,0.09839106,0.04500313,0.04913547,0.09835418
192,0.00186208,0.001931823,0.0001409571,0.005895402,0.01091609,0.381372,0.08889847,0.07840385,0.10208,0.1108202,0.05300355,0.05992506,0.1047505
193,0.001725778,0.001708813,0.0001278474,0.005328243,0.008949622,0.4234137,0.07570998,0.05924258,0.09550831,0.1104164,0.05035353,0.06541894,0.1020963
194,0.001685756,0.001627564,0.0001255507,0.005170243,0.008468351,0.4185456,0.07414024,0.05271974,0.1012012,0.1118122,0.0479533,0.06944537,0.1071049
195,0.001615841,0.001557345,0.000124711,0.005024612,0.007999611,0.4090289,0.0723745,0.05089868,0.1060772,0.1158068,0.04596259,0.07422357,0.1093057
196,0.001501689,0.0014813,0.0001240013,0.004835462,0.007446059,0.3903464,0.06963697,0.05408176,0.1089783,0.1257378,0.04367607,0.08167911,0.1104751
197,0.001401147,0.001440983,0.0001259761,0.004728524,0.007067459,0.374899,0.06781771,0.06303161,0.111343,0.1326985,0.03943789,0.08558938,0.1104188
198,0.001425851,0.001508923,0.0001337717,0.004918891,0.007386155,0.3877578,0.07045932,0.07236288,0.1158528,0.1193053,0.03457038,0.07608095,0.108237
199,0.001479502,0.001590379,0.0001405493,0.005128103,0.007869616,0.4055137,0.07354002,0.07919207,0.1186306,0.1050617,0.03184909,0.06677132,0.1032334
200,0.00161185,0.001705546,0.0001457059,0.005406378,0.008713852,0.4400257,0.07823887,0.0789009,0.1207959,0.0853781,0.0281774,0.05466621,0.09623363
201,0.001669006,0.001724092,0.0001427886,0.005402912,0.009061423,0.4546582,0.07903213,0.07458761,0.1182806,0.08125208,0.0302301,0.05312715,0.09083188
202,0.001607482,0.001626934,0.0001320773,0.005072306,0.008676853,0.4404464,0.07513861,0.07109816,0.1124829,0.09284813,0.03706627,0.0621843,0.09161947
203,0.0014705,0.001489808,0.0001217398,0.004665225,0.007892773,0.4096755,0.06958487,0.07298592,0.1079782,0.1110506,0.04143588,0.07442172,0.0972273
204,0.001401777,0.001440053,0.0001195379,0.004535703,0.007547177,0.3975152,0.06771407,0.08008133,0.1083925,0.1148117,0.039602,0.07560138,0.1012375
205,0.001291212,0.001397318,0.0001211888,0.00441462,0.00732531,0.358241,0.0663078,0.09878936,0.1091127,0.1281242,0.03934031,0.08084208,0.104693
206,0.001165788,0.001350506,0.0001232585,0.004276639,0.006892417,0.3321609,0.06327814,0.1216414,0.1063427,0.1395295,0.0364153,0.08270973,0.1041137
207,0.001093383,0.001356772,0.0001292491,0.004285621,0.006759623,0.316386,0.06242844,0.1460363,0.1047278,0.1424429,0.03305914,0.07889287,0.1024019
208,0.001087115,0.001421628,0.000138705,0.004455296,0.007013869,0.3142592,0.06414118,0.1638186,0.1047541,0.1361377,0.03116538,0.07127352,0.1003337
209,0.001098597,0.001490905,0.0001474112,0.004632792,0.007342677,0.3137695,0.06614482,0.1732286,0.1042503,0.1320303,0.03131195,0.0662247,0.09832764
210,0.001167236,0.001600367,0.0001573534,0.004920161,0.007998491,0.3255769,0.0700792,0.1720364,0.1053472,0.1223748,0.03153021,0.05990792,0.09730367
211,0.001354707,0.001803099,0.0001707133,0.005452999,0.009391242,0.3648877,0.07815882,0.1589921,0.1098477,0.09883069,0.02824637,0.04835029,0.0945137
212,0.00158212,0.001995165,0.0001798738,0.005949561,0.01093657,0.4116078,0.08606432,0.1347006,0.1129322,0.07995196,0.02571255,0.03972371,0.08866359
213,0.00179067,0.002103484,0.0001793212,0.006202824,0.01216121,0.4531531,0.09096683,0.1067008,0.1124819,0.06956736,0.0261356,0.03598325,0.08257371
214,0.001911779,0.002079917,0.0001680201,0.006093321,0.0126039,0.476075,0.09098581,0.08206872,0.108627,0.06920169,0.03125358,0.03871503,0.08021631
215,0.00191746,0.001943936,0.0001508265,0.005700894,0.01219489,0.4762587,0.0867736,0.06280679,0.1039185,0.07691145,0.03982314,0.0475127,0.08408701
216,0.001662638,0.001635256,0.0001279537,0.004882875,0.01022344,0.4217618,0.07518634,0.05275484,0.09852657,0.1096078,0.05297016,0.07360296,0.09705736
217,0.001427159,0.001452888,0.0001151376,0.004477479,0.008847788,0.3519632,0.06983221,0.06214208,0.1023374,0.1402619,0.05165561,0.09314124,0.1123459
218,0.00123248,0.001356887,0.000112116,0.004289525,0.007691264,0.3223388,0.06520405,0.08636058,0.1041974,0.1535139,0.04267237,0.09675013,0.1142806
219,0.001098578,0.001332402,0.0001148972,0.004262986,0.007049978,0.3018145,0.06300972,0.1233658,0.1043426,0.1568683,0.03492476,0.09125408,0.1105613
220,0.001012482,0.001346076,0.0001196179,0.004309484,0.006745496,0.2864158,0.06221459,0.1609957,0.1023158,0.1562222,0.03041814,0.08286648,0.1050181
221,0.001026842,0.001441035,0.0001276216,0.004572595,0.007081872,0.2901461,0.06517615,0.1836343,0.1023192,0.1435094,0.0288041,0.07085998,0.1013009
222,0.001040768,0.001510739,0.0001328894,0.004759396,0.007358899,0.289645,0.06730662,0.1945199,0.1005259,0.1395465,0.03027149,0.06517918,0.09820274
223,0.001167589,0.001674445,0.0001411933,0.005214166,0.008348661,0.3139657,0.07381472,0.1890206,0.1029386,0.1214103,0.02984226,0.05525228,0.09720944
224,0.001416108,0.001922423,0.0001495721,0.005890782,0.01006974,0.3645573,0.08410463,0.1705306,0.1078937,0.09293517,0.02520173,0.04232845,0.09299972
225,0.001560441,0.002002097,0.0001476521,0.00612495,0.01089935,0.3892847,0.08765869,0.1387955,0.1068184,0.09246312,0.03116804,0.0430488,0.09002827
226,0.001595573,0.00193649,0.0001360687,0.005930338,0.01081921,0.3917221,0.08557699,0.1170061,0.1024075,0.1009594,0.04002475,0.04986061,0.09202466
227,0.001587916,0.001844023,0.0001260383,0.005689297,0.01043486,0.388706,0.08260868,0.1018777,0.1000763,0.1077599,0.04556671,0.05633328,0.09738936
228,0.00148646,0.001699002,0.0001172432,0.005319723,0.009517743,0.3688268,0.07731571,0.09504721,0.09845181,0.1219809,0.04981552,0.06669247,0.1037294
229,0.001268104,0.001520037,0.0001162159,0.004809471,0.007906385,0.3188209,0.06992863,0.1055057,0.09671268,0.1514927,0.04916763,0.08289351,0.1098581
230,0.001176204,0.001494347,0.0001245282,0.004740511,0.007221733,0.305616,0.06805705,0.1226588,0.09793223,0.1558859,0.04227172,0.08168703,0.111134
231,0.001137427,0.001530843,0.0001358672,0.004840063,0.006985455,0.3022448,0.0686949,0.1404982,0.09948677,0.1513874,0.03803012,0.0757623,0.1092657
232,0.001094512,0.001553125,0.0001444972,0.004884288,0.006769526,0.294873,0.06871469,0.1558082,0.09860151,0.1523857,0.03606939,0.0728877,0.1062139
233,0.001134631,0.001648741,0.0001554589,0.005131161,0.007058661,0.3042631,0.07199034,0.1602304,0.09966193,0.1430202,0.03479492,0.06607535,0.1048351
234,0.001195964,0.001746926,0.0001647123,0.005386786,0.007444998,0.3167048,0.07554163,0.1567053,0.1004803,0.1348042,0.03528373,0.06111709,0.1034235
235,0.001404497,0.001973326,0.0001778579,0.005978768,0.008631786,0.3615567,0.08440423,0.1408491,0.104965,0.1084161,0.03129224,0.04922323,0.1011273
236,0.001724525,0.002264168,0.0001914154,0.006749903,0.01032274,0.4300114,0.09577234,0.1109998,0.1100977,0.07841368,0.02409504,0.03598113,0.09337614
237,0.002004398,0.002420899,0.0001899772,0.00711352,0.01148044,0.4885175,0.1019416,0.07791524,0.10921,0.0637625,0.02257431,0.0301661,0.08270343
238,0.002231972,0.002450587,0.0001767804,0.007108968,0.01204991,0.5377985,0.1035242,0.0495159,0.104475,0.05535635,0.02351178,0.02782085,0.07397935
239,0.002224469,0.002239215,0.0001512037,0.006466948,0.01121968,0.5399544,0.09611931,0.03086053,0.0961609,0.06599026,0.03622677,0.0374078,0.07497844
240,0.002192787,0.00204016,0.0001304907,0.005903497,0.01033168,0.5431567,0.08963873,0.02083691,0.0918235,0.06805433,0.04228639,0.04270761,0.08089728
241,0.002156585,0.001932823,0.0001199194,0.005644101,0.01006644,0.483921,0.09166344,0.01759656,0.09814895,0.08211213,0.05396966,0.05457431,0.09809411
242,0.001583079,0.001486079,9.975391E-05,0.004485762,0.007021191,0.390772,0.07225495,0.01875861,0.09269843,0.1358753,0.06797547,0.09258887,0.1144004
243,0.001229361,0.001313478,0.0001018215,0.004106112,0.00546078,0.3438877,0.06386149,0.03477364,0.09619837,0.1668092,0.05262683,0.108331,0.1213002
244,0.00113267,0.00136566,0.0001147677,0.004290841,0.005263869,0.3490644,0.06503923,0.06936086,0.1009115,0.1510732,0.04151254,0.09198263,0.1188878
245,0.001036645,0.001405435,0.0001253095,0.004410347,0.005148756,0.344391,0.06531141,0.1113264,0.0998373,0.1408308,0.03704621,0.07838891,0.1107417
246,0.000946013,0.001406736,0.0001299882,0.004390226,0.00499534,0.3293345,0.06423833,0.1479744,0.09437412,0.141452,0.03655194,0.07052844,0.103678
247,0.001068793,0.001600999,0.0001403015,0.004874433,0.005849126,0.370705,0.07198331,0.1549466,0.0964504,0.1092623,0.03096507,0.05215178,0.100002
248,0.001278082,0.00185741,0.0001530955,0.005563975,0.007108572,0.4341365,0.08229087,0.1336007,0.099863,0.07989446,0.02445924,0.03768866,0.09210554
249,0.001434863,0.001985247,0.0001528187,0.005870364,0.007887045,0.4802884,0.08745182,0.1031323,0.09795719,0.0706293,0.02599633,0.03344001,0.0837744
250,0.001449035,0.001914039,0.0001398958,0.005631825,0.007726095,0.4865658,0.08479331,0.08110927,0.09182204,0.07945111,0.03663988,0.03972416,0.08303357
251,0.001329425,0.001718188,0.0001242741,0.005091729,0.006848501,0.4578792,0.07732401,0.07069545,0.08642079,0.09901553,0.04916228,0.05336552,0.0910251
252,0.001197914,0.001564183,0.0001165448,0.00470982,0.006040827,0.4300931,0.07152809,0.06969806,0.0854453,0.1135629,0.05300264,0.06327132,0.0997693
253,0.001041616,0.001369061,0.0001048631,0.004212738,0.004937133,0.4772048,0.0595362,0.06079596,0.0799198,0.1085515,0.04511143,0.06374858,0.09346638
254,0.0009284707,0.001285547,0.0001044494,0.004036396,0.004608916,0.4395519,0.05691607,0.07085586,0.08495217,0.1240686,0.0414186,0.07374135,0.09753172
255,0.0008844043,0.001299439,0.0001099818,0.004101187,0.004697335,0.4287912,0.05755428,0.08432899,0.08978351,0.1232473,0.03585855,0.07142197,0.09792187
256,0.0008845837,0.001367117,0.0001176894,0.004289834,0.00506238,0.4333793,0.06002705,0.09531489,0.09367203,0.113796,0.03229204,0.06420662,0.09559048
257,0.0008597246,0.001396641,0.0001220771,0.004350539,0.005274156,0.4235784,0.06072434,0.1055135,0.09405712,0.1156766,0.03197746,0.06347018,0.09299922
258,0.0009145429,0.001506112,0.0001285514,0.004613942,0.005941917,0.4448932,0.06479657,0.1055709,0.09616645,0.1009298,0.02954418,0.05445387,0.09054001
259,0.001011065,0.001640591,0.00013365,0.004931474,0.006841658,0.4813857,0.07002309,0.09754337,0.09813197,0.08216405,0.02641518,0.04445839,0.08531985
260,0.001126819,0.001755833,0.0001340938,0.005179406,0.007786887,0.5238261,0.0747075,0.08235923,0.0982833,0.06627598,0.02376817,0.03652777,0.07826895
261,0.00118221,0.001757815,0.0001267565,0.005125005,0.008197486,0.5413877,0.07521538,0.06711332,0.09516703,0.06510065,0.02743652,0.03763743,0.07455274
262,0.001221727,0.001720461,0.0001166838,0.00496816,0.00839286,0.5551192,0.07450677,0.05449928,0.0921054,0.06383858,0.0304897,0.03914742,0.07387381
263,0.001069917,0.001483703,0.0001005252,0.004323975,0.007249685,0.4945235,0.06579803,0.05043449,0.08712223,0.0965343,0.04418176,0.06331674,0.08386104
264,0.0009907354,0.001388621,9.643322E-05,0.004107193,0.006716186,0.4693975,0.06259877,0.05351396,0.08918121,0.1068244,0.04196393,0.07008153,0.09313954
265,0.000885935,0.001315874,9.668917E-05,0.00396384,0.006080361,0.4207,0.0605071,0.07178424,0.09284566,0.1242262,0.03998371,0.07868165,0.0989287
266,0.0008391382,0.001321117,0.0001010507,0.004005594,0.005862885,0.4093924,0.06043283,0.09324581,0.09486512,0.122387,0.03542925,0.0733701,0.09874769
267,0.0007573754,0.001288718,0.0001043487,0.003932472,0.005444479,0.3784404,0.05838792,0.1224517,0.09322799,0.132787,0.03306611,0.07391517,0.09619621
268,0.0007201297,0.001305311,0.0001096421,0.003975932,0.005343326,0.3610967,0.05840902,0.1486009,0.09177167,0.1347158,0.03066969,0.06924143,0.09404052
