"<HEADER software/>"
EwEVersion,"6.7.0.17868 (compiled 5/31/2022)"
Date,"8/7/2023 5:44:24 PM"
"<HEADER ecopath/>"
ModelName,1
"<HEADER ecosim/>"
EcosimScenario,sim-spa_01
TimeSeries,TS_updated_IB13
StartYear,1980
"<HEADER end/>"

Data,"Prey of Mobile epifauna"

timestep\group,"Coastal omnivores",Cephalopod,"Sessile epifauna","Mobile epifauna",Infauna,Algae,Seagrass,Phytoplankton,Detritus,
1,0.0001068013,0.00217538,0.03090574,0.01297534,0.07806077,0.1499347,0.07569837,0.2227524,0.4273906
2,9.628426E-05,0.001999862,0.02857186,0.01211355,0.0727631,0.1614327,0.07492419,0.238672,0.4094264
3,8.257767E-05,0.00177656,0.0255376,0.01113707,0.06764645,0.1784721,0.06623869,0.2674068,0.3817021
4,8.562898E-05,0.002067702,0.02736496,0.01204582,0.07101648,0.177869,0.06065443,0.2626562,0.3862397
5,9.689213E-05,0.002735433,0.03168087,0.01379242,0.07752152,0.1684912,0.05986651,0.2456374,0.4001777
6,0.0001186334,0.003875278,0.03898048,0.01628406,0.08624502,0.1529429,0.05981446,0.2158254,0.4259139
7,0.0001442884,0.005228865,0.04711394,0.01852569,0.09295882,0.1402745,0.06157932,0.1888707,0.4453039
8,0.0001580734,0.005979085,0.05114229,0.01888363,0.09185558,0.1371633,0.06974161,0.1791439,0.4459325
9,0.000174119,0.006553878,0.05545811,0.01912589,0.09079726,0.130553,0.07493394,0.1656635,0.4567405
10,0.0001863337,0.00676431,0.05835438,0.01884508,0.08864536,0.124905,0.08053484,0.1555776,0.466187
11,0.0001749017,0.005913688,0.0540856,0.01660107,0.07998819,0.1278333,0.09146491,0.1628302,0.4611081
12,0.0002085545,0.006633015,0.06300606,0.01803107,0.08528098,0.1094688,0.08304875,0.1311814,0.5031415
13,0.0001722003,0.005427399,0.05254718,0.0139567,0.0712068,0.1215082,0.1031055,0.1398142,0.4922618
14,0.0001242808,0.003444306,0.03774836,0.009971943,0.05723692,0.1395665,0.110895,0.1753734,0.4656394
15,0.0001116973,0.002708758,0.03401155,0.009042057,0.05739652,0.1374223,0.09904522,0.1783208,0.4819412
16,9.183882E-05,0.001886149,0.02860041,0.007928788,0.05679484,0.1492817,0.08909094,0.2055877,0.4607376
17,7.495881E-05,0.001282334,0.0244476,0.007233437,0.05743666,0.1665815,0.06962569,0.2439387,0.4293791
18,7.44791E-05,0.001112627,0.02547654,0.007939297,0.06445462,0.1663423,0.05622853,0.2511899,0.4271817
19,8.21572E-05,0.001149838,0.02915771,0.009407094,0.07396977,0.1587992,0.0522186,0.2397181,0.4354976
20,9.893655E-05,0.001391068,0.03566401,0.01156327,0.08514171,0.1453431,0.05186747,0.2133826,0.4555479
21,0.0001202392,0.001760314,0.04332535,0.01381458,0.09449107,0.1335236,0.05343111,0.1878795,0.4716542
22,0.000119351,0.001798581,0.04293431,0.01352895,0.08851273,0.1416178,0.0668263,0.1916424,0.4530195
23,0.0001243479,0.001913553,0.04432362,0.01365858,0.08602186,0.138417,0.07319499,0.1804753,0.4618708
24,0.0001073813,0.001637004,0.0382573,0.01179394,0.07485918,0.1504617,0.08361822,0.196141,0.4431243
25,8.048282E-05,0.001455281,0.03017835,0.008632457,0.06055851,0.1678912,0.0877902,0.1761716,0.4672421
26,7.431886E-05,0.00128533,0.02772722,0.008180907,0.06069203,0.1700049,0.080678,0.1839325,0.4674248
27,7.139608E-05,0.001189145,0.02661247,0.008152883,0.06290048,0.171628,0.07417099,0.190187,0.4650877
28,7.569616E-05,0.001243658,0.02807936,0.008832773,0.06843262,0.1644022,0.06972924,0.1834012,0.4758034
29,7.48632E-05,0.001216948,0.02771561,0.008992872,0.0699165,0.1677902,0.06920744,0.1901449,0.4649406
30,7.92401E-05,0.001295618,0.02912256,0.009611557,0.07348406,0.1626117,0.06785183,0.1842653,0.471678
31,9.014319E-05,0.00150014,0.03268255,0.01079427,0.07989614,0.1504613,0.06686072,0.1688502,0.4888645
32,0.0001002036,0.001693496,0.03572273,0.01169467,0.08379066,0.1426658,0.06923705,0.1585871,0.4965083
33,0.0001135776,0.001941754,0.03962353,0.01266585,0.08751895,0.132875,0.07099854,0.1449643,0.5092984
34,0.0001196779,0.002042402,0.04084149,0.01271175,0.0858654,0.1299625,0.07770579,0.1409589,0.509792
35,8.85966E-05,0.001445684,0.02992246,0.009335713,0.06604733,0.1581579,0.09326572,0.1795729,0.4621637
36,7.194513E-05,0.001103678,0.02431048,0.00778531,0.05930083,0.1707283,0.08225945,0.1966848,0.4577553
37,7.13762E-05,0.0008702143,0.02363542,0.008571346,0.06533672,0.1720395,0.06524882,0.2450386,0.419188
38,7.009169E-05,0.0008663918,0.02390972,0.009070797,0.0687309,0.1768404,0.05803325,0.2458598,0.4166186
39,6.869144E-05,0.0009162573,0.02412526,0.009608153,0.07087822,0.1850577,0.05372362,0.2524478,0.4031743
40,6.83816E-05,0.001055525,0.02461807,0.01024461,0.0722227,0.1925844,0.0503365,0.2592899,0.3895799
41,7.097572E-05,0.001351325,0.02602062,0.01118162,0.07430086,0.1948393,0.04853817,0.2613214,0.3823757
42,8.48587E-05,0.002068744,0.03110494,0.0133441,0.0821144,0.1804259,0.04962844,0.2380429,0.4031857
43,0.0001120251,0.003367787,0.04036712,0.01667943,0.09455427,0.1577297,0.04881482,0.2002487,0.4381262
44,0.0001497497,0.005240026,0.05252074,0.02037527,0.1069412,0.1372881,0.04711192,0.1632994,0.4670737
45,0.0001847438,0.006989805,0.06281992,0.02261019,0.1115784,0.1279105,0.05182806,0.1422213,0.4738571
46,0.0001691738,0.00642726,0.05608521,0.01896449,0.09242094,0.1418785,0.07741302,0.1620352,0.4446062
47,0.0001081088,0.003792735,0.03566325,0.01184841,0.06325963,0.1696183,0.09401831,0.2180805,0.4036108
48,9.700373E-05,0.003098959,0.0321709,0.0106401,0.06184795,0.1651143,0.08151979,0.2168989,0.4286122
49,8.523565E-05,0.002965517,0.0297545,0.009146522,0.06012002,0.1657969,0.07890643,0.1812467,0.4719781
50,7.941668E-05,0.002467327,0.02781598,0.008774258,0.06218597,0.1689221,0.0735949,0.195367,0.4607931
51,7.461273E-05,0.002072718,0.02638141,0.00856948,0.06399406,0.1734949,0.06614489,0.2091326,0.4501354
52,7.238519E-05,0.001816119,0.02595757,0.008692739,0.06687052,0.1763865,0.05875639,0.2194196,0.4420281
53,7.432763E-05,0.001725489,0.02699708,0.009255393,0.07135146,0.1742893,0.05406862,0.2204642,0.4417742
54,8.265759E-05,0.001834987,0.03015098,0.01041217,0.07824349,0.1645216,0.05278499,0.207627,0.4543421
55,9.962099E-05,0.002176609,0.03605423,0.01226425,0.08793747,0.1484115,0.05223402,0.1830609,0.4777614
56,0.0001240295,0.00270628,0.04409134,0.01448272,0.09809501,0.1322397,0.05162205,0.1565533,0.5000855
57,0.0001278009,0.002746871,0.04461708,0.01417566,0.09298588,0.1363522,0.06444959,0.1586543,0.4858907
58,0.0001049759,0.002156664,0.03620059,0.01128672,0.07523905,0.15476,0.08138346,0.181488,0.4573806
59,9.054277E-05,0.001750327,0.03101466,0.0096442,0.06704157,0.1602585,0.08149009,0.1874709,0.4612392
60,7.973558E-05,0.001432411,0.02734702,0.008652087,0.06370095,0.1662724,0.07697009,0.1959285,0.4596168
61,7.991445E-05,0.001265033,0.02715366,0.009029712,0.06757911,0.1631167,0.06991227,0.2071816,0.454682
62,7.186869E-05,0.001075906,0.02486474,0.008600209,0.06644255,0.1747736,0.06440309,0.2228954,0.4368726
63,7.00061E-05,0.001028328,0.02460671,0.008833618,0.06849776,0.1793125,0.05852781,0.2263236,0.4327997
64,7.399842E-05,0.001114761,0.02623536,0.009688579,0.07337515,0.1757849,0.05645262,0.2184534,0.4388212
65,8.286952E-05,0.001323509,0.0293387,0.0109714,0.07960913,0.1667746,0.05726058,0.2032319,0.4514073
66,9.811365E-05,0.001680719,0.03430783,0.01271665,0.08730931,0.1530007,0.05838928,0.1813441,0.4711533
67,0.0001173493,0.002133452,0.04022826,0.01452307,0.09416885,0.1399877,0.06017985,0.1603086,0.4883528
68,0.0001296358,0.002435418,0.04347492,0.01518205,0.09424596,0.1351164,0.06747005,0.1512343,0.4907113
69,0.0001252139,0.002350913,0.04116257,0.01394521,0.08523972,0.1391115,0.08044577,0.156998,0.4806211
70,9.877727E-05,0.001777559,0.03214876,0.01081425,0.06887195,0.1553481,0.09157655,0.1833848,0.4559793
71,7.706617E-05,0.001287017,0.02521201,0.008678874,0.0601781,0.1700387,0.08337715,0.2086327,0.4425184
72,7.988669E-05,0.001267009,0.02617687,0.009139124,0.06544764,0.1590752,0.07360554,0.1954591,0.4697497
73,7.64423E-05,0.001136178,0.02528272,0.009144974,0.06780015,0.1620336,0.07002517,0.2069775,0.4575233
74,7.455787E-05,0.001067943,0.02493274,0.009263475,0.06961353,0.1643432,0.06633564,0.2118751,0.4524937
75,7.552218E-05,0.001064932,0.02547908,0.009686911,0.0725293,0.1636989,0.06392986,0.2111256,0.4524099
76,7.817118E-05,0.001108093,0.02650301,0.01025215,0.07552292,0.1617414,0.06341224,0.2072764,0.4541055
77,7.690617E-05,0.001106432,0.02620118,0.01033378,0.07512922,0.1659827,0.0645097,0.2116065,0.4450536
78,8.375086E-05,0.001251101,0.02840495,0.01124536,0.07921514,0.1583593,0.06426588,0.1977953,0.4593792
79,0.0001017964,0.001600272,0.03399793,0.01321266,0.08858981,0.141211,0.06218936,0.1706204,0.4884768
80,0.0001219154,0.002008031,0.03986559,0.01502047,0.09581678,0.1289297,0.06316142,0.1500503,0.5050259
81,9.674823E-05,0.001589785,0.03128575,0.01170886,0.07571238,0.1557611,0.08514768,0.1863053,0.4523925
82,8.079784E-05,0.001297318,0.02602452,0.009824791,0.06629273,0.1653367,0.08308916,0.2002643,0.4477898
83,7.217959E-05,0.001127508,0.02334424,0.009055555,0.06423777,0.1713056,0.07591388,0.2097688,0.4451746
84,7.484855E-05,0.001169538,0.02420792,0.00959006,0.06892996,0.1647097,0.07051364,0.2003957,0.4604087
85,7.791109E-05,0.001215787,0.02506639,0.01023427,0.07314418,0.1617565,0.06914888,0.2005259,0.4588301
86,7.217529E-05,0.001147945,0.02333026,0.009829867,0.07064332,0.1727102,0.06901966,0.2148444,0.4384022
87,7.221065E-05,0.001199346,0.02336454,0.01009924,0.07176852,0.1740989,0.06624348,0.2149944,0.4381593
88,8.062246E-05,0.001435146,0.02589229,0.01130651,0.07774566,0.1639408,0.06492727,0.1994465,0.4552252
89,9.019995E-05,0.001727067,0.02860705,0.01248791,0.08271202,0.1554954,0.06660789,0.1864393,0.4658332
90,0.0001014845,0.002070596,0.03159851,0.01359582,0.08652484,0.1469736,0.06928616,0.1726735,0.4771755
91,0.0001253735,0.002698601,0.03800297,0.0157382,0.09503186,0.1299723,0.06664612,0.146259,0.5055255
92,0.0001450115,0.003225957,0.04274167,0.0169478,0.09825185,0.1217265,0.07064351,0.1325749,0.5137428
93,0.0001670842,0.003768063,0.04775504,0.01791177,0.0998561,0.1129879,0.07407746,0.1187574,0.5247192
94,0.0001560654,0.003469024,0.04340179,0.01552704,0.08633332,0.1198073,0.09387033,0.1294042,0.5080308
95,0.0001148516,0.002425239,0.03133556,0.01094846,0.06481901,0.1365943,0.1129406,0.1572101,0.4836119
96,7.542974E-05,0.001436963,0.02060476,0.007394255,0.05120624,0.1612072,0.103294,0.1944224,0.4603588
97,6.47756E-05,0.0008699588,0.01770079,0.007465593,0.05661999,0.1739858,0.06703692,0.2736293,0.4026269
98,6.255198E-05,0.0008078706,0.01814448,0.008179273,0.06323643,0.180974,0.05227021,0.2779019,0.3984233
99,6.413591E-05,0.0009011034,0.01961714,0.009407192,0.06976696,0.1859917,0.04727451,0.2779024,0.3890749
100,8.139227E-05,0.001396999,0.02528097,0.01223658,0.08276185,0.1678906,0.04746151,0.242381,0.420509
101,0.0001196792,0.002569379,0.03678772,0.0171928,0.1044724,0.1387282,0.04095443,0.1921245,0.4670508
102,0.0001710223,0.004306092,0.05134494,0.02265515,0.1246489,0.1145267,0.03534717,0.1475306,0.4994693
103,0.00021197,0.005815224,0.06179189,0.02535356,0.128535,0.1124317,0.04252064,0.1328454,0.4904946
104,0.0002375067,0.006746762,0.06710048,0.02543437,0.1212478,0.1145457,0.05626651,0.1283659,0.480055
105,0.0002301312,0.00652197,0.06314302,0.02221753,0.1030174,0.1196887,0.07897235,0.1337126,0.4724962
106,0.0001669786,0.004520591,0.04485375,0.01501694,0.07296333,0.1323666,0.1122406,0.1582132,0.459658
107,9.820066E-05,0.002376925,0.02638659,0.008901152,0.05152539,0.1504303,0.1176115,0.1967377,0.4459323
108,6.270581E-05,0.001264528,0.01757588,0.006430106,0.04739936,0.1766612,0.08481514,0.2461612,0.4196299
109,5.097356E-05,0.001172141,0.01548072,0.005513231,0.04825146,0.1878056,0.07011203,0.1987673,0.4728465
110,5.004309E-05,0.001024514,0.01556069,0.006065916,0.05682047,0.1898171,0.05738686,0.2135767,0.4596977
111,5.224315E-05,0.001014363,0.0165177,0.006918862,0.06466943,0.1895013,0.05087095,0.2177413,0.4527138
112,5.801041E-05,0.001138429,0.0184283,0.0081161,0.07270207,0.1833085,0.04986957,0.2105348,0.4558442
113,6.213476E-05,0.001277858,0.01969486,0.00902463,0.07673765,0.182518,0.05273207,0.2082619,0.4496908
114,6.523564E-05,0.00143394,0.0205051,0.009676371,0.07802497,0.1824673,0.05658279,0.2061818,0.4450625
115,8.161704E-05,0.001960122,0.02506838,0.0117501,0.08816234,0.1614008,0.05542152,0.1770061,0.479149
116,9.256393E-05,0.002386425,0.02775576,0.0128773,0.09126322,0.1543469,0.06194631,0.1657442,0.4835873
117,9.881033E-05,0.002655104,0.02887997,0.0131263,0.08907291,0.1510425,0.07063113,0.1598233,0.48467
118,0.0001044075,0.002855927,0.02973292,0.01316368,0.08658744,0.1453295,0.07710809,0.1521407,0.4929773
119,0.0001110608,0.003034953,0.03081459,0.01323136,0.0851359,0.1375728,0.08148582,0.1425687,0.5060449
120,9.570431E-05,0.00251798,0.02606101,0.01105361,0.07270098,0.1480311,0.09451666,0.1589845,0.4860384
121,7.132475E-05,0.001865308,0.01954177,0.00817977,0.05871578,0.1656675,0.09622574,0.1725627,0.4771701
122,6.110351E-05,0.001454505,0.01671075,0.007249198,0.05668112,0.1732168,0.08358823,0.1875501,0.4734882
123,5.84772E-05,0.001274691,0.01604656,0.007263178,0.06011737,0.1735806,0.07244313,0.1937019,0.475514
124,5.74645E-05,0.001163375,0.01587645,0.007519698,0.06423122,0.1753872,0.06473044,0.201181,0.4698531
125,5.667919E-05,0.001089304,0.01578046,0.007813044,0.06742819,0.1797199,0.05893744,0.2096144,0.4595607
126,6.212E-05,0.001180849,0.01726798,0.00877562,0.07395773,0.1722723,0.05633074,0.199847,0.4703058
127,7.337597E-05,0.001422703,0.0201584,0.01029826,0.08298631,0.1581269,0.05603972,0.1803409,0.4905534
128,8.579286E-05,0.001714121,0.02313221,0.01169545,0.08969059,0.147557,0.05870464,0.1641669,0.5032532
129,9.45791E-05,0.001933746,0.02493874,0.01235399,0.09082595,0.1430454,0.06535221,0.1553137,0.5061416
130,9.932878E-05,0.002051728,0.0255766,0.01234357,0.08805121,0.1404875,0.07335174,0.1496956,0.5083427
131,8.870351E-05,0.001804325,0.02240336,0.0106582,0.07639336,0.1499323,0.08605789,0.1607563,0.4919055
132,6.77112E-05,0.001308749,0.01696359,0.008198827,0.06231464,0.1702957,0.08872909,0.1862943,0.4658273
133,6.199912E-05,0.001019271,0.01527171,0.00799594,0.0627531,0.175531,0.07427761,0.2175391,0.4455502
134,5.823459E-05,0.0009245607,0.0145832,0.008008759,0.06465106,0.1809206,0.06430639,0.2245983,0.4419489
135,5.756912E-05,0.0009171414,0.01464729,0.008447911,0.06817023,0.1847228,0.05783165,0.2291824,0.4360231
136,5.809341E-05,0.0009706147,0.01496527,0.009032983,0.07127503,0.1887098,0.05408077,0.2332696,0.4276378
137,6.253258E-05,0.001147478,0.0161556,0.01005405,0.07587967,0.1854305,0.05343087,0.2270395,0.4307998
138,7.620468E-05,0.001580452,0.01945039,0.01211186,0.08561327,0.1684576,0.05368153,0.2017789,0.4572498
139,9.936499E-05,0.002310425,0.02477439,0.01499859,0.09843557,0.1477063,0.05212042,0.1700355,0.4895195
140,0.0001217872,0.003082196,0.02953682,0.01715042,0.1054005,0.1366209,0.05589167,0.1502032,0.5019925
141,0.000141141,0.003737264,0.03322884,0.01828522,0.1064858,0.1300934,0.06300664,0.1375873,0.5074343
142,0.0001190577,0.003138805,0.02739641,0.01450808,0.08447722,0.1469663,0.0891527,0.162104,0.4721374
143,8.31037E-05,0.002068257,0.01895798,0.01000095,0.06295153,0.1661742,0.09736818,0.1953435,0.4470523
144,7.012914E-05,0.001618369,0.01603841,0.008623378,0.05942937,0.1692929,0.08494994,0.2039596,0.4560178
145,7.241363E-05,0.001453814,0.01640245,0.009337108,0.06623606,0.1605786,0.07477918,0.2140428,0.4570976
146,6.594809E-05,0.001249834,0.01528644,0.009060325,0.06682666,0.1693604,0.06888833,0.229858,0.4394039
147,6.628872E-05,0.001237944,0.01563713,0.009560619,0.07045108,0.1699898,0.0640697,0.2291123,0.4398752
148,7.097117E-05,0.001359739,0.01691588,0.01056115,0.07584114,0.165447,0.06274566,0.2201919,0.4468665
149,7.75659E-05,0.001566202,0.01852876,0.01166847,0.08062619,0.1599442,0.06414267,0.2091358,0.4543101
150,8.284656E-05,0.001774547,0.01972463,0.01242721,0.08266568,0.1569626,0.06778375,0.2014674,0.4571113
151,8.109394E-05,0.001819816,0.01925588,0.01217607,0.07925981,0.1614846,0.07304186,0.2058714,0.4470094
152,9.387524E-05,0.002227657,0.0219716,0.01361136,0.0849691,0.1475635,0.07162113,0.1821872,0.4757545
153,0.0001052491,0.002608635,0.02424595,0.01466601,0.088658,0.1390542,0.07419666,0.1678881,0.4885772
154,0.0001007682,0.002527217,0.02291485,0.0136231,0.08194844,0.1443219,0.08414718,0.1754894,0.4749272
155,7.761759E-05,0.001880477,0.01766691,0.01062485,0.06723735,0.1652946,0.08841246,0.2108511,0.4379546
156,6.584593E-05,0.001531777,0.01518935,0.00941782,0.06324781,0.1764179,0.07654797,0.2307144,0.4268672
157,5.837994E-05,0.001740389,0.01434302,0.008052566,0.05993979,0.1792066,0.07432169,0.1698886,0.4924488
158,6.047467E-05,0.001745944,0.01463693,0.008457053,0.06530755,0.1746938,0.07116242,0.1720549,0.4918809
159,6.067792E-05,0.001703985,0.01447986,0.00857263,0.067599,0.1756368,0.06958967,0.1777728,0.4845846
160,6.08055E-05,0.001667158,0.01431761,0.008663193,0.06911124,0.1765876,0.0677252,0.1819732,0.4798941
161,6.375311E-05,0.00172258,0.0147861,0.00907558,0.0722458,0.1720884,0.06616595,0.1784307,0.4854212
162,6.686183E-05,0.001787146,0.01525963,0.009456257,0.07472904,0.1683214,0.06653495,0.1751842,0.4886605
163,6.742996E-05,0.00177801,0.01515078,0.009469355,0.07453546,0.1689585,0.06830664,0.1768073,0.4849266
164,7.150647E-05,0.001869434,0.01577469,0.009855991,0.07665744,0.1626338,0.06857695,0.1692768,0.4952834
165,7.294578E-05,0.001880735,0.0158102,0.009878978,0.07643161,0.161208,0.07123823,0.1678664,0.4956129
166,7.564753E-05,0.001922525,0.01608561,0.009997898,0.0768216,0.1568817,0.07286386,0.1625048,0.5028464
167,7.165998E-05,0.001771318,0.01500047,0.009349742,0.0726515,0.1622877,0.07660587,0.1693136,0.4929481
168,7.364318E-05,0.001777544,0.01514662,0.009411473,0.07331536,0.1565155,0.07552788,0.162117,0.506115
169,7.164472E-05,0.001353228,0.01402568,0.009696594,0.07351802,0.1657707,0.07311335,0.2180334,0.4444173
170,6.382541E-05,0.001173496,0.01267004,0.009024275,0.06923688,0.1776523,0.06604132,0.2304206,0.4337172
171,6.171873E-05,0.001139126,0.01243223,0.009168967,0.07024539,0.182851,0.05955609,0.2343209,0.4302245
172,6.170264E-05,0.001189456,0.01258634,0.009614798,0.07242233,0.1866432,0.05565719,0.2367975,0.4250276
173,7.272884E-05,0.001541169,0.01477105,0.01136169,0.08130647,0.1723286,0.05478801,0.213144,0.4506864
174,8.36891E-05,0.001960451,0.0168182,0.01288304,0.08753812,0.1629922,0.0582048,0.1971688,0.4623508
175,9.974306E-05,0.002549479,0.01964753,0.01466032,0.09413806,0.1503624,0.06077312,0.1755867,0.4821827
176,0.0001187405,0.003232759,0.02281577,0.0163481,0.09961323,0.1387089,0.06367514,0.1555379,0.4999494
177,0.0001304364,0.003665752,0.02443013,0.01672807,0.0982734,0.1341854,0.07194808,0.1467243,0.5039144
178,0.0001187865,0.003316264,0.02177716,0.01437877,0.08452021,0.1417505,0.08862977,0.1584272,0.4870814
179,9.254792E-05,0.002464254,0.01677008,0.01093642,0.06795557,0.15506,0.09781026,0.1816395,0.4672714
180,8.018164E-05,0.002000988,0.01447104,0.009482982,0.06323294,0.1571535,0.09147897,0.187967,0.4741325
181,7.340303E-05,0.001483983,0.01305185,0.009335433,0.06493387,0.1620666,0.07951506,0.2302736,0.4392661
182,6.552306E-05,0.001244636,0.01203524,0.00897911,0.06520687,0.172065,0.06845708,0.2456475,0.4262991
183,6.76254E-05,0.001281375,0.01274238,0.009816311,0.07077123,0.1702819,0.06274188,0.2396808,0.4326165
184,6.496524E-05,0.001276055,0.01262038,0.01012789,0.07196641,0.1792574,0.05943869,0.2514522,0.413796
185,6.264778E-05,0.001349065,0.01252937,0.01044323,0.07200385,0.1891034,0.05486845,0.26358,0.39606
186,6.887926E-05,0.001742599,0.01398356,0.01182904,0.07705853,0.1841915,0.05383154,0.2528328,0.4044615
187,8.341188E-05,0.002531421,0.01692973,0.01413248,0.08596767,0.1693973,0.05501867,0.2272825,0.4286568
188,0.0001094219,0.003863505,0.0218526,0.01742031,0.09833997,0.1491447,0.05364344,0.1908449,0.4647811
189,0.0001322388,0.005187432,0.02587774,0.01947885,0.1037412,0.139849,0.05890859,0.1696681,0.4771569
190,0.0001305413,0.005284848,0.0251073,0.01794777,0.0935367,0.1455552,0.07541952,0.1760278,0.4609904
191,0.0001260315,0.005047105,0.0238578,0.0162576,0.08482149,0.1447281,0.08495793,0.1766724,0.4635314
192,0.0001085274,0.004123391,0.02041672,0.0135484,0.07389905,0.1500757,0.09212139,0.1912039,0.4545029
193,8.05446E-05,0.003500834,0.0159617,0.009573077,0.05979053,0.1628366,0.09530451,0.1705393,0.4824128
194,7.588094E-05,0.00300135,0.01491914,0.00901539,0.06098747,0.1597491,0.0879292,0.174037,0.4902854
195,7.135421E-05,0.00254455,0.0140169,0.008627087,0.06260081,0.1609638,0.08199059,0.1824106,0.4867744
196,6.5213E-05,0.002082612,0.01290075,0.008173654,0.06311923,0.167985,0.07488823,0.1978958,0.4728896
197,6.143233E-05,0.001767969,0.01230533,0.008060626,0.06499432,0.1735551,0.06619881,0.210351,0.4627053
198,6.66791E-05,0.001790812,0.01343164,0.00895206,0.07214305,0.1644432,0.06115409,0.2000245,0.477994
199,7.421485E-05,0.001906363,0.01495433,0.01003314,0.07931995,0.1554233,0.06046918,0.1885113,0.4893083
200,8.81435E-05,0.002222766,0.01758062,0.01161081,0.08822775,0.1415416,0.05995205,0.1676184,0.5111579
201,9.292721E-05,0.002297181,0.01831928,0.01189565,0.08802341,0.1412119,0.06742826,0.1649464,0.5057849
202,8.324484E-05,0.001983892,0.01626712,0.01046729,0.07772589,0.1529744,0.07837728,0.1784787,0.4836422
203,6.958577E-05,0.001569072,0.01357543,0.008824404,0.06792329,0.1665696,0.07976582,0.1944481,0.4672547
204,6.539526E-05,0.001402547,0.01276029,0.008443444,0.06696017,0.1677786,0.07427338,0.1943113,0.474005
205,6.237726E-05,0.001201663,0.01211097,0.008506628,0.06831626,0.173189,0.0682484,0.2149479,0.4534168
206,5.761086E-05,0.001082548,0.01136014,0.008328947,0.06778896,0.1838875,0.06159358,0.2262732,0.4396274
207,5.702528E-05,0.001088976,0.01138446,0.008702219,0.07011869,0.1886501,0.05619181,0.2292818,0.434525
208,6.069054E-05,0.001232776,0.01216985,0.00959744,0.07478634,0.1858327,0.05459858,0.2229072,0.4388144
209,6.446205E-05,0.001427673,0.01291461,0.01042583,0.07797857,0.183867,0.05596361,0.218629,0.4387291
210,7.150828E-05,0.001748167,0.01419893,0.01154099,0.08218468,0.1762334,0.05827579,0.2067782,0.4489683
211,8.913191E-05,0.002401273,0.0173465,0.01379227,0.09228037,0.1569919,0.05758549,0.178485,0.4810281
212,0.0001106551,0.003214278,0.0210074,0.0160746,0.1012898,0.1416893,0.05848144,0.1546975,0.503435
213,0.0001281527,0.003879783,0.02369382,0.01726904,0.1036543,0.1342472,0.06472877,0.1418565,0.5105425
214,0.0001302573,0.003967457,0.02349223,0.01630163,0.09548711,0.1354734,0.07852405,0.1434816,0.5031423
215,0.0001158037,0.003436497,0.02046185,0.01365045,0.08090837,0.1407489,0.09353086,0.1541171,0.4930303
216,8.042005E-05,0.00220989,0.01412839,0.009406649,0.06114887,0.1622724,0.1006468,0.1897204,0.4603862
217,6.659383E-05,0.001489897,0.01162916,0.00831742,0.05920826,0.1705813,0.08062585,0.2303186,0.437763
218,5.876733E-05,0.001193163,0.01062661,0.007979959,0.06131071,0.1796034,0.06407356,0.2467735,0.4283804
219,5.675197E-05,0.001100123,0.0106557,0.008424748,0.06622782,0.1856758,0.05305407,0.2555159,0.4192891
220,5.75531E-05,0.001147868,0.01116052,0.009235047,0.0711519,0.1904776,0.04759911,0.2589138,0.4102566
221,6.424511E-05,0.001426929,0.01265605,0.01071656,0.07813676,0.1849613,0.04764526,0.2460776,0.4183153
222,6.887203E-05,0.001757099,0.01369293,0.01176472,0.08101697,0.1840807,0.05124931,0.2413169,0.4150525
223,8.197309E-05,0.002429739,0.01618698,0.01370475,0.08817291,0.1706327,0.05382735,0.2172351,0.4377285
224,0.000108285,0.003641571,0.02095438,0.01695278,0.1012417,0.1486675,0.05174053,0.1800346,0.4766586
225,0.0001158591,0.004216418,0.022024,0.01709454,0.09779727,0.1498592,0.06483195,0.1765585,0.4675023
226,0.0001083219,0.004014499,0.02028988,0.01517354,0.08592437,0.1555857,0.07916193,0.1853639,0.4543779
227,9.904058E-05,0.003613088,0.0183743,0.01338414,0.07716802,0.1569087,0.08515346,0.1909484,0.4543509
228,8.500685E-05,0.002954929,0.01578996,0.01144786,0.06944737,0.1632867,0.08558323,0.2065165,0.4448884
229,6.90809E-05,0.002155649,0.01302397,0.009837067,0.06393148,0.1780304,0.07415603,0.2451548,0.4136416
230,6.60957E-05,0.001977673,0.01281835,0.009919927,0.06649987,0.1810333,0.06300373,0.2511689,0.4135121
231,6.800873E-05,0.002034392,0.01356419,0.01071522,0.07163676,0.1793134,0.05781163,0.2501923,0.4146642
232,6.875455E-05,0.002127643,0.01410642,0.01133031,0.07433046,0.1816823,0.0551914,0.2554307,0.4057321
233,7.513527E-05,0.002491248,0.01568912,0.012562,0.07910963,0.1760633,0.05497326,0.2455439,0.4134924
234,8.20835E-05,0.002931803,0.01735217,0.01369361,0.08267422,0.1705607,0.05729468,0.23615,0.4192607
235,0.0001031764,0.003945111,0.02168487,0.01633556,0.09291117,0.1520026,0.05630647,0.2024401,0.454271
236,0.0001398206,0.005649488,0.02891047,0.0203469,0.1084718,0.1295543,0.05109188,0.1615414,0.494294
237,0.0001723535,0.007083375,0.03489806,0.02275756,0.1149195,0.1209887,0.05497413,0.1414097,0.5027968
238,0.0001966327,0.00796928,0.03887729,0.02337153,0.1131163,0.1176339,0.06412321,0.1310194,0.5036924
239,0.0001703275,0.006566944,0.03302671,0.01857384,0.09036613,0.1312061,0.09244184,0.1500081,0.47764
240,0.0001503368,0.005415638,0.0286684,0.01525622,0.07688683,0.1290422,0.1029062,0.150201,0.4914732
241,0.0001445031,0.003927711,0.02608338,0.01454287,0.07475962,0.1234317,0.1041198,0.1805449,0.4724455
242,8.434783E-05,0.001930767,0.01578776,0.009054493,0.05543974,0.1555937,0.09990065,0.2424795,0.419729
243,6.442795E-05,0.001215609,0.01298566,0.007903931,0.05588321,0.1713463,0.06937874,0.282008,0.399214
244,6.728934E-05,0.001131383,0.0145066,0.009177487,0.06588542,0.163833,0.05777738,0.274535,0.4130864
245,7.036084E-05,0.001144091,0.01620174,0.01061958,0.07393373,0.1624866,0.05485653,0.2713129,0.4093745
246,7.079206E-05,0.001219093,0.01724223,0.01159793,0.07643835,0.1686684,0.05593699,0.2727306,0.3960958
247,9.134241E-05,0.001780502,0.02259969,0.01480593,0.08912776,0.1494323,0.05435139,0.2296112,0.4381998
248,0.0001240866,0.002794502,0.03070968,0.01913351,0.1052441,0.12879,0.05060257,0.1868934,0.4757081
249,0.0001457262,0.003571688,0.03582181,0.02106528,0.1082583,0.1252094,0.0591464,0.1709503,0.475831
250,0.0001354307,0.003377219,0.03314677,0.01856586,0.09321892,0.1351611,0.0799963,0.1838191,0.4525793
251,0.0001067763,0.00256616,0.02630044,0.01437911,0.07487099,0.1467363,0.09350406,0.2093362,0.4322
252,8.813409E-05,0.001990398,0.02213005,0.0120823,0.06717186,0.1520219,0.09106091,0.2255404,0.427914
253,6.425006E-05,0.001748334,0.01759725,0.008671029,0.05689665,0.1683812,0.089807,0.1923145,0.4645197
254,5.593276E-05,0.001384951,0.01557921,0.008059572,0.05832779,0.1772554,0.07594492,0.2169407,0.4464515
255,5.603098E-05,0.001306508,0.01587077,0.00854981,0.06417099,0.1758045,0.06564637,0.2210644,0.4475307
256,6.060022E-05,0.001382017,0.01736902,0.009621594,0.07181261,0.1688639,0.06149939,0.2149105,0.4544804
257,6.130397E-05,0.001391542,0.01778472,0.01011691,0.0744681,0.171681,0.06090965,0.2213584,0.4422283
258,7.027837E-05,0.001639421,0.02036117,0.01157886,0.08162703,0.1602392,0.06019864,0.2037314,0.4605539
259,8.505305E-05,0.002058708,0.02439191,0.01359477,0.09087623,0.1452772,0.05994248,0.1804296,0.483344
260,0.0001030812,0.002575393,0.02906073,0.0156045,0.09872213,0.1325195,0.06099363,0.1589989,0.5014222
261,0.00010699,0.002688882,0.02966821,0.01535163,0.09417892,0.1340502,0.07250638,0.1595949,0.4918539
262,0.0001070777,0.00265557,0.02918919,0.01451616,0.08777148,0.1330326,0.08154427,0.1579461,0.4932375
263,7.480342E-05,0.001737424,0.02036252,0.01011067,0.06557957,0.1603307,0.09417669,0.2013697,0.4462579
264,6.487709E-05,0.001403345,0.01776962,0.008937804,0.06229605,0.1634208,0.08239074,0.2071949,0.4565219
265,5.836642E-05,0.001112375,0.0161497,0.008616976,0.0636695,0.1707606,0.0705379,0.2333951,0.4356996
266,5.859857E-05,0.001078648,0.0165355,0.009108759,0.06835815,0.1703185,0.06327815,0.2309686,0.4402952
267,5.533083E-05,0.001013195,0.01600808,0.009220622,0.06959049,0.1810818,0.05787189,0.2448505,0.4203081
268,5.618101E-05,0.001088696,0.01652376,0.009857589,0.07245722,0.1853079,0.05414389,0.246107,0.4144578
269,5.898181E-05,0.001272681,0.01751504,0.01074049,0.0756609,0.1860695,0.05327534,0.2440842,0.4113229
270,7.491706E-05,0.001871085,0.02199021,0.01332433,0.08733539,0.1658084,0.05231648,0.2108538,0.4464255
271,9.811606E-05,0.00279633,0.02818477,0.01647579,0.1001684,0.1462372,0.05138511,0.178073,0.4765812
272,0.0001193539,0.0037248,0.03341569,0.01858705,0.1060123,0.1366332,0.05633392,0.1583968,0.486777
273,0.0001141828,0.003666997,0.03130002,0.01667477,0.09287435,0.1460112,0.07572742,0.1703687,0.4632623
274,0.0001024554,0.003251483,0.02762407,0.01422005,0.08003324,0.1497876,0.08705722,0.1795027,0.4584211
275,8.946502E-05,0.002720378,0.02391438,0.0121077,0.07123076,0.1527771,0.0902771,0.1892051,0.457678
276,7.556696E-05,0.002141694,0.02025826,0.0103231,0.06522919,0.1601165,0.08686651,0.206048,0.4489411
277,7.626068E-05,0.001878019,0.02023483,0.0107929,0.06940378,0.1545286,0.07813115,0.2203548,0.4445997
278,6.328942E-05,0.001440156,0.0174088,0.009651281,0.06569532,0.1718874,0.06879155,0.2533493,0.4117129
279,6.599802E-05,0.001476474,0.01861031,0.01050846,0.07098948,0.1686499,0.06209769,0.2451891,0.4224126
280,6.419916E-05,0.001449291,0.01870814,0.01087351,0.07273161,0.1747495,0.05860757,0.2563387,0.4064776
281,6.482248E-05,0.00155054,0.01941033,0.01149278,0.07447974,0.178194,0.05593857,0.2600557,0.3988135
282,7.460604E-05,0.001980968,0.02259062,0.01328601,0.08138279,0.1679697,0.05597284,0.2401709,0.4165715
283,8.833009E-05,0.002618769,0.02675853,0.0153456,0.08856508,0.15625,0.05804117,0.217634,0.4346985
284,0.0001022513,0.003308335,0.03073933,0.01694609,0.09274651,0.1476209,0.0623498,0.1987697,0.4474171
285,0.0001187134,0.004055703,0.03516251,0.01839049,0.09602364,0.1382294,0.06619378,0.1787486,0.4630772
286,0.0001201053,0.004154413,0.03513094,0.01753304,0.09003353,0.1394749,0.07705575,0.1786917,0.4578057
287,9.490603E-05,0.003138336,0.02776505,0.01358217,0.07283092,0.1564536,0.08826054,0.2115149,0.4263596
288,7.97359E-05,0.002462017,0.02363133,0.0115543,0.06614394,0.164256,0.08212616,0.2301994,0.4195471
289,6.814967E-05,0.002358132,0.02139489,0.009670216,0.06202506,0.1712228,0.07846881,0.1980355,0.4567563
290,6.722726E-05,0.002170979,0.02117295,0.009754288,0.06587678,0.1693257,0.07219254,0.2032634,0.4561761
291,7.013534E-05,0.002153012,0.02211563,0.01030106,0.07084889,0.1642369,0.06832994,0.2001788,0.4617656
292,7.063129E-05,0.002075225,0.02232874,0.01051774,0.07305228,0.1648342,0.06723066,0.2039306,0.4559599
293,6.891547E-05,0.001947229,0.02187423,0.01042989,0.07293588,0.168978,0.06600258,0.2115744,0.4461889
294,7.049605E-05,0.00194226,0.0224136,0.01075906,0.07483427,0.1674612,0.06430069,0.2099135,0.4483048
295,8.422737E-05,0.002320539,0.02651592,0.01251009,0.08397802,0.1504117,0.0615681,0.1840668,0.4785447
296,9.338605E-05,0.002565731,0.02906992,0.01344604,0.087731,0.1440889,0.06529557,0.1740248,0.4836847
297,9.786723E-05,0.002651377,0.03004699,0.01353561,0.08648493,0.1420417,0.07148097,0.1698712,0.4837894
298,8.723912E-05,0.002269313,0.02656714,0.01180662,0.07651619,0.152482,0.08050669,0.1854544,0.4643104
299,7.21825E-05,0.001756489,0.02202449,0.009857399,0.06715345,0.1662966,0.07933559,0.2071428,0.4463609
300,6.470372E-05,0.001466755,0.01993415,0.009107438,0.06528502,0.1729454,0.07029042,0.2185909,0.4423151
301,6.476814E-05,0.001087531,0.01957797,0.01054543,0.07095257,0.1749015,0.05181955,0.2998222,0.3712285
302,6.715176E-05,0.001207643,0.0213285,0.01166946,0.07447224,0.1779511,0.04753384,0.2913872,0.3743829
303,7.053476E-05,0.001467609,0.02340125,0.0129148,0.07740832,0.1790549,0.04751836,0.2866354,0.3715289
304,8.285779E-05,0.002087815,0.02807102,0.01516533,0.08413001,0.1685896,0.04977848,0.2617182,0.3903767
305,9.777691E-05,0.002923342,0.03340983,0.01734668,0.08973504,0.1581231,0.05394294,0.2373034,0.4071179
306,0.0001165607,0.003922961,0.03967842,0.01944045,0.09459662,0.1468684,0.05785375,0.210869,0.4266539
307,0.0001513454,0.005460847,0.05066032,0.02293887,0.1048222,0.128159,0.05514828,0.1719021,0.460757
308,0.0001579215,0.005778154,0.05215864,0.02201651,0.09834834,0.1305082,0.06941596,0.1716852,0.449931
309,0.0001696073,0.006064021,0.05498178,0.02154126,0.09441795,0.124419,0.07650086,0.1599517,0.4619538
310,0.0001742523,0.005947808,0.05552743,0.02033309,0.08943526,0.1197019,0.08428778,0.1525492,0.4720433
311,0.0001564194,0.004964696,0.04923793,0.01711621,0.07845026,0.1224768,0.09711786,0.1607929,0.469687
312,0.0001220003,0.003485767,0.03835057,0.01299762,0.0655707,0.1315943,0.1051307,0.1844325,0.4583158
313,8.355616E-05,0.001761277,0.0265397,0.009845533,0.05737884,0.1523197,0.08737495,0.2685806,0.3961159
314,7.299326E-05,0.001314934,0.0248537,0.009537093,0.06066317,0.1579225,0.06744476,0.2867063,0.3914845
315,7.227751E-05,0.001186561,0.02651138,0.01052622,0.0678066,0.1576134,0.0580998,0.2885174,0.3896663
316,7.234059E-05,0.001196403,0.02847862,0.01163662,0.07238693,0.1623994,0.05474298,0.29004,0.3790467
317,8.906146E-05,0.001637749,0.03614727,0.0145417,0.08320958,0.1483633,0.05447212,0.2524049,0.4091342
318,0.0001135711,0.002380193,0.0465785,0.01798747,0.09435109,0.1329554,0.05417653,0.2149989,0.4364583
319,0.0001455737,0.003391686,0.05932821,0.02152305,0.1040564,0.1191635,0.05405164,0.1795772,0.4587626
320,0.0001621466,0.003966171,0.06542575,0.02228507,0.1022204,0.1181267,0.06483529,0.1684454,0.4545331
321,0.0001241691,0.002947669,0.05022653,0.01655558,0.07788856,0.1392956,0.08994967,0.2079039,0.4151083
322,9.145367E-05,0.002011935,0.03787255,0.01250213,0.06418296,0.1534025,0.08954954,0.2429317,0.3974552
323,8.227985E-05,0.001699737,0.03522044,0.01177771,0.06416152,0.1551141,0.08085655,0.2491846,0.401903
324,6.560783E-05,0.001273495,0.03010155,0.01060928,0.06192087,0.1731019,0.06535455,0.2927808,0.364792
325,6.088477E-05,0.001596085,0.03092943,0.009477179,0.06167415,0.1829705,0.06608135,0.2085612,0.4386493
326,6.678412E-05,0.001760479,0.03388881,0.0106874,0.06998082,0.1725305,0.06347197,0.2054885,0.4421247
327,6.964026E-05,0.00185722,0.03526551,0.01133156,0.07342529,0.1700065,0.06389041,0.2095353,0.4346186
328,7.195647E-05,0.001940896,0.03632784,0.01179104,0.0750668,0.1680912,0.06429926,0.2121674,0.4302436
329,8.191021E-05,0.002251411,0.04091286,0.01315008,0.08077084,0.1559472,0.0636312,0.1961983,0.4470561
330,8.447252E-05,0.002326952,0.04186752,0.01335558,0.08045705,0.1550502,0.06774419,0.197735,0.4413791
331,9.827741E-05,0.002715147,0.04787158,0.01481888,0.08590765,0.141186,0.06677784,0.176188,0.4644367
332,0.0001084167,0.002963152,0.0519013,0.01556059,0.08788745,0.1341614,0.07028623,0.1654352,0.4716963
333,0.0001292226,0.003480033,0.06038324,0.01722083,0.09348622,0.1201017,0.0687223,0.142229,0.4942475
334,0.0001321976,0.003439175,0.06046225,0.01650752,0.08860434,0.1207544,0.07939571,0.1425983,0.4881062
335,0.0001095269,0.002672355,0.04932277,0.01308772,0.07280788,0.1346569,0.09584119,0.1650288,0.4664729
336,8.695088E-05,0.001937228,0.03895281,0.01028985,0.06220025,0.1458011,0.09627831,0.1850666,0.4593869
337,7.099479E-05,0.00145419,0.03219644,0.008588307,0.05797726,0.1559086,0.08714376,0.1980992,0.4585612
338,6.066199E-05,0.001100114,0.02804839,0.007811929,0.05831385,0.1673129,0.07277444,0.2201437,0.4444339
339,5.470965E-05,0.0008883429,0.0260889,0.007677061,0.06128069,0.1784121,0.05692575,0.241779,0.4268935
340,5.463299E-05,0.0008360341,0.02681486,0.008291691,0.06696416,0.1823881,0.04704275,0.2480806,0.4195271
341,5.836473E-05,0.000900235,0.0291764,0.009371051,0.07345958,0.1812335,0.04409292,0.2425877,0.4191203
342,6.342247E-05,0.001040573,0.03192612,0.01052041,0.07845403,0.1790215,0.04544902,0.2342865,0.4192385
343,7.47501E-05,0.001349361,0.03730128,0.01231214,0.08588522,0.1667977,0.0478775,0.2119663,0.4364358
344,8.171344E-05,0.001609267,0.04025442,0.01323252,0.08727689,0.1632253,0.05472361,0.2026167,0.4369797
345,9.327077E-05,0.001972366,0.04502,0.01448068,0.09034021,0.1527381,0.05886181,0.1841529,0.4523408
346,0.0001137821,0.002538976,0.05347798,0.01652582,0.09725236,0.1363543,0.05886499,0.1576228,0.4772491
347,0.0001126074,0.002555366,0.05176469,0.01549289,0.08915477,0.1406708,0.07297276,0.1629101,0.4643659
348,9.032982E-05,0.001989157,0.04098606,0.01210223,0.07186261,0.1567602,0.08642669,0.1900578,0.439725
349,8.367679E-05,0.001619634,0.03704278,0.01137153,0.06896682,0.1555799,0.08092421,0.2116072,0.4328043
350,7.443898E-05,0.001358206,0.03335178,0.01042359,0.06652723,0.1609409,0.07528651,0.2237684,0.428269
351,6.683071E-05,0.00115077,0.03061441,0.009875667,0.06593331,0.1689684,0.06668929,0.2406932,0.4160081
352,6.201775E-05,0.001030949,0.02926717,0.009814511,0.06710123,0.1774457,0.0567717,0.2571643,0.4013425
353,6.247668E-05,0.001055159,0.03028735,0.01048954,0.07081734,0.1799951,0.05040232,0.2611714,0.3957193
354,7.244862E-05,0.001315466,0.03547056,0.01236998,0.07931589,0.1682222,0.04947076,0.2401868,0.4135759
355,8.405976E-05,0.001668353,0.04116348,0.0142368,0.08610743,0.1580687,0.05205556,0.2215491,0.4250666
356,9.806121E-05,0.002105585,0.04751749,0.01601079,0.09122914,0.1479722,0.05570069,0.2012768,0.4380893
357,8.805052E-05,0.001953522,0.04259358,0.01421644,0.07998167,0.1617479,0.06750614,0.2224723,0.4094404
358,7.714859E-05,0.001724591,0.03754397,0.01255498,0.07166092,0.1717093,0.0676064,0.2410189,0.3961038
359,7.560216E-05,0.0017235,0.03706978,0.01244216,0.07150036,0.1713435,0.06375418,0.2412248,0.4008661
360,7.576336E-05,0.001784549,0.03751313,0.0126689,0.07284625,0.170833,0.06138911,0.2417754,0.401114
361,7.424388E-05,0.001778753,0.03702416,0.01286299,0.07280037,0.1744799,0.05798577,0.2595142,0.3834797
362,7.793253E-05,0.002018381,0.03935866,0.01362813,0.0751313,0.1719277,0.05633193,0.253536,0.3879898
363,7.970986E-05,0.002243201,0.04082459,0.01406644,0.07576395,0.1722976,0.05627759,0.2547576,0.3836893
364,8.18845E-05,0.002503054,0.04245454,0.01445961,0.07600328,0.1719844,0.05629502,0.2548475,0.3813708
365,8.584583E-05,0.002832698,0.04494838,0.01501681,0.07696905,0.1692267,0.05670173,0.2508086,0.3834102
366,9.159226E-05,0.003216085,0.04828097,0.01569428,0.07846211,0.1645057,0.05785443,0.2431749,0.3887199
367,0.0001018348,0.003729011,0.05368666,0.01678437,0.08154804,0.1558421,0.05933816,0.2274147,0.4015551
368,0.0001207204,0.004499883,0.06300534,0.01865816,0.08734179,0.1420102,0.05967379,0.2007512,0.4239389
369,0.0001352313,0.004975692,0.06972489,0.01950664,0.08907221,0.1346862,0.06386849,0.1857088,0.4323218
370,0.0001542671,0.005459788,0.07805794,0.02048346,0.09102251,0.1252885,0.06643219,0.1662558,0.4468455
371,0.0001438417,0.004722137,0.07188741,0.01799231,0.08128171,0.1328636,0.07996096,0.17726,0.433888
372,0.0001412629,0.004252092,0.06963715,0.01667187,0.0768025,0.1307467,0.08442763,0.1715145,0.4458063
373,0.0001358545,0.00363031,0.06602059,0.01545714,0.07359649,0.1299269,0.0880792,0.1739992,0.4491543
374,9.306592E-05,0.002129132,0.04599798,0.01093611,0.05906701,0.1584492,0.08856253,0.2292368,0.4055282
375,7.652694E-05,0.001477114,0.03936544,0.009670075,0.05846304,0.1685631,0.06751657,0.260795,0.3940732
376,6.713147E-05,0.001088839,0.03694388,0.009520787,0.06209053,0.1768088,0.04615088,0.2978807,0.3694484
377,6.710846E-05,0.0009788109,0.03954583,0.01054476,0.06860828,0.1779043,0.03403321,0.3101119,0.3582059
378,7.526152E-05,0.001096868,0.04649406,0.012552,0.07706361,0.1719363,0.03251306,0.293942,0.3643269
379,9.164362E-05,0.001439059,0.05777831,0.01537706,0.0869159,0.1589765,0.03505431,0.2617164,0.3826509
380,0.0001134577,0.001961665,0.07148541,0.01836634,0.09531788,0.1457444,0.03854118,0.2278967,0.400573
381,0.00013919,0.002594786,0.08637648,0.02108675,0.1011691,0.133995,0.04240593,0.1966128,0.4156199
382,0.0001445019,0.002777333,0.08824833,0.02053614,0.09430372,0.1365353,0.05617449,0.1921665,0.4091137
383,0.000103594,0.001910711,0.06336521,0.01454036,0.06991268,0.1631463,0.07478122,0.2405397,0.3717002
384,9.006463E-05,0.001577223,0.05574537,0.01278424,0.06521479,0.1654088,0.06893077,0.248233,0.3820158
385,8.378485E-05,0.0012323,0.05200498,0.01317225,0.06664487,0.1648614,0.05716364,0.2990642,0.3457726
386,8.340368E-05,0.001264479,0.05436943,0.0138779,0.06907609,0.1655546,0.052474,0.2957582,0.3475418
387,8.751023E-05,0.001442287,0.05954426,0.01517765,0.07256183,0.1622986,0.05133122,0.2877297,0.349827
388,0.00010267,0.00187961,0.07128444,0.01769394,0.07926058,0.149673,0.05191028,0.2594679,0.3687276
