"<HEADER software/>"
EwEVersion,"6.7.0.17868 (compiled 5/31/2022)"
Date,"8/7/2023 5:44:24 PM"
"<HEADER ecopath/>"
ModelName,1
"<HEADER ecosim/>"
EcosimScenario,sim-spa_01
TimeSeries,TS_updated_IB13
StartYear,1980
"<HEADER end/>"

Data,"Prey of Crab"

year\group,"Reef invertebrate feeders","Coastal omnivores",Sardine-herring-scad,Anchovy-silverside-killifish,Mullet,Cephalopod,"Pink shrimp","Brown shrimp","White shrimp",Crab,"Mobile epifauna",Infauna,Algae,Detritus,
1980,0.00061654,0.0005543215,0.006239817,0.005203278,0.0001896099,0.0003625436,0.0007792666,0.0001316217,0.001860105,0.001757639,0.2041393,0.5819963,0.000103261,0.1960664
1981,0.000525053,0.0005014149,0.005165868,0.003944716,0.0001631778,0.0001616283,0.0005715782,8.604204E-05,0.001363897,0.00116045,0.1297776,0.7173766,8.616418E-05,0.1391158
1982,0.0004248005,0.000382592,0.003958397,0.003364936,0.0001327148,9.284439E-05,0.0005035024,7.222345E-05,0.001145376,0.000981866,0.1078158,0.7673862,7.847776E-05,0.1136602
1983,0.0005117022,0.0004309221,0.004842272,0.004657691,0.0001572856,0.0002322796,0.0006906941,0.0001109311,0.001538977,0.0012034,0.1530681,0.6812932,0.0001102945,0.1511523
1984,0.0004786038,0.0003996866,0.00455384,0.003916245,0.0001482576,0.0001465454,0.0005649332,7.771592E-05,0.001277931,0.001054788,0.1165592,0.7512994,8.400747E-05,0.1194388
1985,0.0004916855,0.0004023335,0.004738707,0.004222149,0.0001584964,0.0001087524,0.0005795445,8.574437E-05,0.001279622,0.0011619,0.1267996,0.7304728,8.777241E-05,0.129411
1986,0.000473242,0.0003790096,0.00461297,0.004447743,0.0001556968,9.432133E-05,0.0005703773,8.937968E-05,0.001250597,0.001194158,0.1285634,0.7222054,8.957242E-05,0.1358742
1987,0.0005464833,0.0004228002,0.005374323,0.005442916,0.0001765104,0.0001310215,0.0006011927,7.518387E-05,0.001293338,0.001134235,0.1292727,0.7359884,7.51706E-05,0.1194656
1988,0.0005856213,0.0004582143,0.005963737,0.006250214,0.0001885749,0.0001837246,0.0006247599,6.923348E-05,0.001352287,0.0009279866,0.129042,0.7371143,8.477362E-05,0.1171545
1989,0.000404067,0.0003046494,0.004008386,0.004072755,0.000129725,0.0001115091,0.0004830926,3.790691E-05,0.001066647,0.0007524034,0.09509819,0.7921605,7.855836E-05,0.1012917
1990,0.0004593691,0.0003221374,0.004407295,0.004180384,0.0001425458,9.385755E-05,0.0005007528,2.895883E-05,0.001072967,0.0009969667,0.1035702,0.7735562,7.788266E-05,0.1105904
1991,0.0005272805,0.0003515576,0.005102606,0.0049308,0.0001621699,0.0001246305,0.000612599,6.021412E-05,0.001289371,0.001149149,0.1277438,0.7285517,9.168228E-05,0.1293025
1992,0.0005160961,0.0003429304,0.005162712,0.004960306,0.0001612015,0.0001342152,0.0006161278,8.668409E-05,0.001323666,0.0009846317,0.1252774,0.7244453,9.390961E-05,0.1358947
1993,0.0004276729,0.0002791639,0.004329239,0.003886801,0.0001344834,0.0001022189,0.0004803613,6.140306E-05,0.00104457,0.0007748771,0.09113488,0.7997736,7.314518E-05,0.09749758
1994,0.0005411398,0.0003487135,0.005637402,0.004905125,0.0001710497,0.000137141,0.0005972693,7.532104E-05,0.001260653,0.0009686952,0.1198517,0.7477118,8.371266E-05,0.1177102
1995,0.0005208115,0.0003487852,0.00576793,0.005043571,0.0001701249,0.0002078077,0.0006331108,9.040476E-05,0.001421645,0.0007924088,0.1236353,0.7335405,9.763543E-05,0.12773
1996,0.0004156722,0.0002862247,0.004675695,0.0035289,0.0001429563,0.0001220949,0.0004319157,6.217039E-05,0.001015101,0.0005438041,0.08092716,0.8202178,6.757277E-05,0.08756289
1997,0.0004507508,0.0003072534,0.005077839,0.003890288,0.000162253,0.0001265091,0.0005234012,8.126505E-05,0.001172763,0.0006996955,0.1003096,0.7899933,7.6196E-05,0.09712889
1998,0.0004525116,0.0003145009,0.005168852,0.004084875,0.0001664261,0.0001702285,0.0005616799,7.726145E-05,0.001291864,0.0007129414,0.1106303,0.7597048,9.567315E-05,0.116568
1999,0.0005194524,0.0003749623,0.0060445,0.004498253,0.0001902325,0.0002537924,0.0006659112,9.476763E-05,0.001486435,0.0007176947,0.1201814,0.7557742,8.378946E-05,0.1091146
2000,0.0004542402,0.0003561332,0.005304687,0.003894958,0.0001788656,0.0001562987,0.0005869691,7.954898E-05,0.001308094,0.0005406794,0.1067654,0.769666,8.555332E-05,0.1106226
2001,0.0003428479,0.0002698657,0.003885658,0.003104391,0.0001394033,0.0001061129,0.0004933425,6.66824E-05,0.001098079,0.0005103964,0.08777723,0.8114008,7.228684E-05,0.09073289
2002,0.000372552,0.0002845927,0.004083073,0.003514795,0.0001498721,0.0001341812,0.000547569,7.141218E-05,0.001195943,0.0005694682,0.09941811,0.7893198,8.249815E-05,0.1002561
2003,0.0003995286,0.0003099742,0.004396122,0.003912959,0.0001598722,0.000181415,0.0006133917,8.09077E-05,0.001345892,0.0005843953,0.1109015,0.762746,9.285387E-05,0.1142751
2004,0.0003616969,0.0002842943,0.003983282,0.003327433,0.0001465877,0.0001322598,0.0005194712,8.165056E-05,0.001134072,0.000544771,0.09120258,0.8031878,7.637547E-05,0.09501784
2005,0.0005447475,0.000437434,0.006173756,0.005472547,0.0002207089,0.0002772059,0.0007966385,0.0001592651,0.001756963,0.00102912,0.1586298,0.6876829,9.330965E-05,0.1367255
2006,0.0004602752,0.0004002444,0.005142047,0.004915779,0.0001960509,0.0001852797,0.0006937172,0.0001412113,0.001613288,0.0008434223,0.1429452,0.6899834,0.000108847,0.1523713
2007,0.0003885083,0.0003356128,0.004109862,0.004254711,0.0001614885,0.0001542007,0.0006164015,0.0001489344,0.001385675,0.0006829855,0.1103908,0.7734592,7.656188E-05,0.103835
2008,0.0003535023,0.000297635,0.003525719,0.003817554,0.0001483258,9.843171E-05,0.0005486253,0.0001395129,0.001195273,0.0006661791,0.1013127,0.7853005,8.344296E-05,0.1025126
2009,0.0003736166,0.0003093617,0.003610472,0.004451059,0.0001549493,0.0001242687,0.0006210096,0.0001585371,0.001362019,0.000656809,0.1143731,0.753158,0.0001023865,0.1205446
2010,0.0004865566,0.0004075739,0.004765951,0.006283859,0.0001895595,0.0002972705,0.0008128553,0.0002247466,0.001840569,0.0008686236,0.1525611,0.6935394,0.0001034462,0.1376185
2011,0.0004386226,0.0003946372,0.004229658,0.005558566,0.0001769963,0.0001570073,0.0006982808,0.0001850956,0.001600398,0.0007333341,0.1319551,0.7291496,0.0001047119,0.124618
2012,0.0005737077,0.0005580434,0.005529056,0.008852624,0.0002324372,0.000226957,0.0008463957,0.0002142468,0.001933233,0.0008801666,0.1684079,0.6856368,8.820847E-05,0.1260202
2013,0.00033569,0.000340962,0.002981742,0.005851275,0.0001416142,9.299501E-05,0.0005832282,0.0001517137,0.001327267,0.0005726942,0.1115971,0.7712442,9.331852E-05,0.1046861
2014,0.0003804837,0.0003792645,0.003217098,0.007514736,0.0001521497,0.0001121125,0.0006646754,0.0001623482,0.001497753,0.0006663664,0.1293907,0.7360039,9.397697E-05,0.1197644
2015,0.0003663202,0.0003663563,0.003001393,0.007869969,0.0001447908,0.0001088976,0.0006262877,0.0001520683,0.001420422,0.0006272896,0.1218798,0.7486429,9.770956E-05,0.1146959
2016,0.000544724,0.0005663793,0.005227061,0.01640956,0.000188378,0.0005105163,0.0009979402,0.0002488531,0.002441445,0.0008720424,0.2151545,0.5720525,0.0001559361,0.18463
