"<HEADER software/>"
EwEVersion,"6.7.0.17868 (compiled 5/31/2022)"
Date,"8/7/2023 5:44:24 PM"
"<HEADER ecopath/>"
ModelName,1
"<HEADER ecosim/>"
EcosimScenario,sim-spa_01
TimeSeries,TS_updated_IB13
StartYear,1980
"<HEADER end/>"

Data,"Prey of Butterfish"

year\group,"Pink shrimp","Brown shrimp","White shrimp","Sessile epifauna","Mobile epifauna",Zooplankton,Infauna,Algae,Seagrass,Phytoplankton,Detritus,
1980,0.001851721,0.0004889963,0.002912166,0.2287352,0.1018769,0.3153233,0.09843773,0.05232544,0.04969534,0.06537487,0.0829782
1981,0.001613927,0.0003841468,0.002549671,0.2385184,0.1158016,0.2046557,0.1145489,0.05560101,0.05671436,0.1166419,0.09297027
1982,0.001378182,0.0003122751,0.002067714,0.1819689,0.1118427,0.3194506,0.1060927,0.04795929,0.04503472,0.1059383,0.07795461
1983,0.001580493,0.0003980565,0.002321698,0.1826419,0.09102307,0.3778044,0.09429225,0.05518198,0.03990578,0.08033735,0.07451294
1984,0.001734807,0.00037789,0.00259083,0.2130278,0.1193025,0.2301655,0.1222694,0.05808861,0.04653892,0.1163196,0.0895842
1985,0.001573228,0.0003680147,0.002292533,0.185553,0.1082564,0.3080026,0.1111392,0.05355095,0.04497794,0.1018517,0.08243431
1986,0.001522499,0.0003780948,0.002204938,0.1681759,0.1070864,0.322065,0.1108817,0.05397164,0.04595071,0.1039873,0.08377573
1987,0.001718298,0.00033202,0.00243368,0.180963,0.1175097,0.323595,0.111935,0.04669135,0.0481254,0.08595578,0.08074092
1988,0.001804413,0.0003084287,0.002568033,0.1961919,0.1114332,0.3078736,0.1083919,0.05263727,0.045727,0.0919724,0.08109181
1989,0.001426274,0.0001757935,0.002078322,0.132368,0.1026107,0.3755019,0.1094555,0.05259506,0.03955034,0.105051,0.07918707
1990,0.001578665,0.0001443329,0.002233517,0.1306408,0.1183133,0.309121,0.1235951,0.05556884,0.0478741,0.1229478,0.08798245
1991,0.001708916,0.000265443,0.002369671,0.1199745,0.1078591,0.369813,0.1134159,0.05627252,0.04479796,0.100356,0.08316703
1992,0.001726244,0.0003839624,0.002448536,0.1155947,0.1038727,0.3623585,0.1124322,0.05938173,0.0524714,0.09893068,0.09039939
1993,0.001582528,0.0003186919,0.002270397,0.09888446,0.1150644,0.3646247,0.120678,0.05419092,0.04459446,0.1121861,0.08560535
1994,0.001820065,0.0003609753,0.002533284,0.1036318,0.1118167,0.3723615,0.1194881,0.05641449,0.04839947,0.09611505,0.08705846
1995,0.001816367,0.0004063319,0.002690213,0.1034265,0.1013488,0.3916518,0.1096824,0.06159298,0.0496379,0.08877037,0.08897629
1996,0.001749367,0.0003995798,0.002716215,0.1109165,0.1299169,0.2674708,0.1348505,0.06180435,0.05600132,0.1337,0.1004744
1997,0.001700697,0.0004136169,0.002509056,0.09504195,0.1140974,0.3932145,0.1166282,0.05387027,0.04373112,0.09648988,0.08230346
1998,0.001637559,0.0003545262,0.002485663,0.09110299,0.1006255,0.3974601,0.1097521,0.06280133,0.04647566,0.1004363,0.08686829
1999,0.002287234,0.0005038771,0.003348458,0.1376313,0.1276214,0.3229918,0.1219432,0.05892969,0.04852388,0.08501858,0.09120069
2000,0.001976129,0.0004190248,0.002905065,0.1465143,0.1174723,0.2763819,0.1170338,0.06506722,0.06253397,0.1092546,0.1004417
2001,0.001710144,0.0003645994,0.002509964,0.1316933,0.1231109,0.3175984,0.1145649,0.05594754,0.05002635,0.1143578,0.08811606
2002,0.001659599,0.0003395171,0.002390313,0.1258505,0.1068352,0.3785653,0.1058601,0.05553291,0.04492347,0.09634665,0.08169646
2003,0.001807094,0.0003757461,0.002617235,0.1443269,0.103778,0.3484823,0.1056425,0.06151426,0.0510786,0.09189448,0.08848289
2004,0.001780045,0.0004436458,0.002564998,0.1532335,0.1180547,0.2975805,0.1163197,0.05891426,0.05019262,0.1106415,0.09027446
2005,0.002179164,0.0006869301,0.003173982,0.2163748,0.1160829,0.2933638,0.1058486,0.05480697,0.04816997,0.07446701,0.0848458
2006,0.001750494,0.000563921,0.00268719,0.2231511,0.09949375,0.2708952,0.09834608,0.06200646,0.05610679,0.0947376,0.09026143
2007,0.001816115,0.0006951804,0.002683664,0.245226,0.1179953,0.2674659,0.1034402,0.04906166,0.04617451,0.08533148,0.08010995
2008,0.001541387,0.0006208204,0.002220297,0.2044358,0.1053173,0.3051691,0.1027774,0.05368595,0.03944965,0.1072714,0.07751097
2009,0.00160352,0.0006484478,0.002321393,0.2047185,0.09545252,0.3206364,0.09601145,0.05978371,0.04392896,0.09488648,0.08000858
2010,0.001992801,0.000873412,0.00297981,0.288986,0.1004772,0.266021,0.09292954,0.05545037,0.04422866,0.06697885,0.0790823
2011,0.00180958,0.0007633423,0.002743769,0.3242162,0.1030248,0.1862102,0.09731405,0.06222678,0.04336778,0.09623551,0.08208793
2012,0.00191498,0.0007666903,0.002887551,0.4527947,0.1055136,0.1410774,0.08076386,0.04416725,0.04232028,0.05861646,0.06917721
2013,0.001438419,0.0005976667,0.002178151,0.3487447,0.09436861,0.1998835,0.08985978,0.05509147,0.03359774,0.1015499,0.07269004
2014,0.001574048,0.0006093116,0.002342416,0.3815101,0.09557968,0.191447,0.08515927,0.0504522,0.04180311,0.07627539,0.07324747
2015,0.001477969,0.0005685331,0.002214579,0.3551842,0.09263474,0.2209487,0.08366843,0.05223111,0.0393145,0.08036288,0.07139438
2016,0.001564115,0.0006183022,0.002525758,0.4934446,0.06615762,0.1789214,0.05773498,0.05592809,0.03445374,0.0471001,0.06155122
