"<HEADER software/>"
EwEVersion,"6.7.0.17868 (compiled 5/31/2022)"
Date,"8/7/2023 5:44:24 PM"
"<HEADER ecopath/>"
ModelName,1
"<HEADER ecosim/>"
EcosimScenario,sim-spa_01
TimeSeries,TS_updated_IB13
StartYear,1980
"<HEADER end/>"

Data,"Prey of Surface pelagics"

timestep\group,"Surface pelagics",Sardine-herring-scad,Anchovy-silverside-killifish,Cephalopod,"Pink shrimp","Brown shrimp","White shrimp",Crab,"Sessile epifauna","Mobile epifauna",Zooplankton,Infauna,Algae,Seagrass,Phytoplankton,Detritus,
1,0.005339888,0.02196964,0.02910015,0.05741114,0.001305457,0.001028694,0.004175622,0.005989481,0.108123,0.08051506,0.2905519,0.1105536,0.06529975,0.07164396,0.0141948,0.1327979
2,0.004840517,0.01963628,0.02644701,0.0545256,0.001235326,0.001007416,0.003935478,0.005151463,0.1006369,0.0739879,0.3146104,0.1028188,0.0720054,0.07262386,0.01503498,0.1315027
3,0.00407845,0.01605315,0.02221323,0.05030459,0.001109327,0.0009553994,0.003537487,0.00408605,0.08847477,0.06373671,0.3633699,0.0922769,0.08101775,0.06534394,0.01594264,0.1274999
4,0.003901317,0.01469318,0.02082851,0.05604767,0.001094588,0.0009656551,0.003467269,0.003656161,0.08596454,0.05963273,0.3949652,0.08661985,0.07501829,0.05559209,0.01378927,0.1237636
5,0.004082813,0.01463117,0.02108065,0.06977367,0.001142489,0.001008641,0.003586906,0.003573257,0.08929951,0.05896822,0.4018275,0.08418443,0.06460646,0.04988459,0.01138206,0.1209676
6,0.004726842,0.01630101,0.02346945,0.09188591,0.001269862,0.001087301,0.003936284,0.003893294,0.1002137,0.06287399,0.3771991,0.08579103,0.05310195,0.0451306,0.009205094,0.1199145
7,0.005700286,0.01922833,0.02726692,0.1180436,0.001442162,0.001183498,0.004424726,0.00446429,0.1162803,0.06962515,0.3256159,0.0899168,0.04573602,0.04363133,0.007944596,0.119496
8,0.006623367,0.02221201,0.03077609,0.1366866,0.001579334,0.001248044,0.004825104,0.004978909,0.1312352,0.0757575,0.2657749,0.09381238,0.04523322,0.04997991,0.008088741,0.1211887
9,0.007677479,0.02604284,0.03501678,0.1487848,0.001718284,0.001292044,0.005220051,0.005587066,0.1484295,0.08345269,0.2096121,0.09862728,0.04328503,0.05398997,0.008117895,0.1231461
10,0.008715617,0.03025803,0.03941003,0.1533705,0.001835996,0.001318333,0.005567167,0.006177697,0.1657864,0.09160076,0.1565026,0.1042883,0.04223187,0.05917364,0.008423513,0.1253394
11,0.009180959,0.03286761,0.04161985,0.1434602,0.001846879,0.00128873,0.005625275,0.006363834,0.1745269,0.09587988,0.1147758,0.1086397,0.04743504,0.07375532,0.01033818,0.1323959
12,0.01060615,0.03962314,0.04860403,0.144679,0.001994947,0.001298294,0.006032628,0.007225772,0.1992775,0.1087682,0.07750692,0.1162366,0.03776325,0.0622581,0.008541619,0.1295839
13,0.01062087,0.04332224,0.05179123,0.1195271,0.001907493,0.001209408,0.005847581,0.007102138,0.2007426,0.1158878,0.05010749,0.1217049,0.04611769,0.08504086,0.0117945,0.127276
14,0.009366216,0.0398668,0.04695888,0.0917776,0.001657713,0.001051312,0.005170734,0.006157595,0.1818691,0.1079243,0.04032733,0.1240335,0.0658603,0.1137203,0.01884064,0.1454177
15,0.008822979,0.03919565,0.04575492,0.07582972,0.00157767,0.001013748,0.005002132,0.005777517,0.1774979,0.1089086,0.03758594,0.1349757,0.06989178,0.1094678,0.02082125,0.1578768
16,0.007626569,0.03514121,0.0412003,0.05811321,0.00145702,0.0009906288,0.004710709,0.005034508,0.1633613,0.1049759,0.04505889,0.1447969,0.08524378,0.1105537,0.02581834,0.1659169
17,0.006284088,0.02979797,0.03556911,0.04327095,0.00135928,0.001004345,0.004450137,0.004250635,0.1473762,0.09921555,0.07404253,0.1515077,0.1055912,0.09590791,0.03116019,0.1692122
18,0.005523387,0.02672936,0.03263946,0.0356194,0.001357431,0.001057472,0.004408418,0.003888428,0.1405298,0.09745764,0.1351698,0.1527093,0.1008451,0.07407857,0.02834635,0.15964
19,0.005112459,0.02497262,0.03123058,0.03239261,0.001388553,0.001099772,0.004421636,0.003752752,0.1374845,0.09669005,0.2024058,0.1477403,0.0849166,0.06068109,0.02251543,0.1431952
20,0.005232014,0.02568872,0.0327097,0.03357654,0.001487206,0.001147481,0.004610122,0.003971017,0.1432022,0.1007732,0.2396117,0.1443318,0.0666692,0.05170228,0.01695759,0.1283293
21,0.005676891,0.02805061,0.03613477,0.0371613,0.001618011,0.001190125,0.004889191,0.004401439,0.1542603,0.1079736,0.2459089,0.1427446,0.05372048,0.04671535,0.01336734,0.116187
22,0.005731803,0.02849551,0.03714136,0.03799492,0.001625217,0.001159096,0.004842965,0.00448014,0.1548874,0.1082553,0.237909,0.1360337,0.05720631,0.05866206,0.01392413,0.111651
23,0.006018769,0.03029961,0.03977428,0.0395353,0.001665369,0.001137962,0.004898277,0.004715887,0.1605841,0.112191,0.2222287,0.1338936,0.05508699,0.06330308,0.01338268,0.1112843
24,0.005668193,0.02879798,0.03826129,0.03672524,0.001561811,0.001062842,0.00459934,0.004425214,0.1518202,0.1069981,0.216063,0.1278014,0.0653829,0.07896286,0.01597236,0.1158973
25,0.005412096,0.03192426,0.04254486,0.03029383,0.001471483,0.0009995416,0.004378489,0.004216687,0.1444159,0.1198038,0.1882534,0.1319887,0.07600269,0.08636364,0.01923271,0.1126978
26,0.005108521,0.03029308,0.04062993,0.02791388,0.001402463,0.0009674092,0.004219442,0.004002176,0.1368417,0.1164842,0.1948563,0.135791,0.08041389,0.08292937,0.02053506,0.1176116
27,0.004836387,0.0286871,0.03882517,0.02618063,0.001362656,0.0009613463,0.004131413,0.003835201,0.1304291,0.1138118,0.2092846,0.13876,0.08222285,0.07721867,0.02081257,0.1186406
28,0.004866233,0.02882281,0.03930469,0.02637991,0.001396685,0.0009905637,0.004226738,0.003925885,0.1308325,0.1161287,0.2187705,0.1429029,0.07575285,0.06982165,0.01893013,0.1169473
29,0.004725982,0.02783686,0.03832488,0.02589197,0.001392144,0.0009990704,0.004205504,0.003876535,0.1269718,0.1145088,0.2283421,0.1426677,0.07727134,0.06926093,0.01907842,0.114646
30,0.004843373,0.02839726,0.03936458,0.02682843,0.001441624,0.001027251,0.004317835,0.004037718,0.1287123,0.1171472,0.2300147,0.1443403,0.07266261,0.06588771,0.01776377,0.1132135
31,0.005239931,0.03070102,0.04267879,0.02913861,0.001544888,0.001071818,0.004566563,0.004433219,0.1363176,0.1245185,0.2219328,0.1485104,0.06299737,0.06083485,0.01543977,0.1100739
32,0.005681618,0.03342721,0.0464701,0.0313054,0.001637308,0.001097322,0.004779804,0.004860254,0.1441554,0.1319679,0.205547,0.1515565,0.05691852,0.06002829,0.01417936,0.1063881
33,0.006294,0.03747752,0.05190419,0.03365877,0.001739546,0.001107003,0.005004869,0.005422872,0.154965,0.1418149,0.1825386,0.1550019,0.04995723,0.05800803,0.01279989,0.1023057
34,0.006762558,0.04097622,0.05647654,0.03453089,0.001780819,0.001076982,0.005071795,0.005841104,0.1620096,0.148535,0.1578364,0.155975,0.04801455,0.06238666,0.01288186,0.09984396
35,0.006094396,0.03749098,0.05175393,0.02945669,0.00157244,0.0009419566,0.004502411,0.00524258,0.1452282,0.1353566,0.1442017,0.147236,0.0708669,0.09081516,0.02018824,0.1090517
36,0.005451383,0.03391762,0.04712396,0.02520249,0.001425876,0.0008772857,0.004149665,0.004693047,0.1313204,0.1256405,0.1519291,0.1465735,0.08608957,0.0901394,0.02444212,0.1210241
37,0.004581525,0.02509708,0.03581982,0.02339208,0.001301934,0.0008782673,0.003838949,0.003977822,0.1156207,0.09932858,0.2241996,0.1370676,0.09282931,0.07650913,0.02445004,0.1311076
38,0.004045456,0.0217265,0.0319635,0.02203231,0.001242128,0.0009035098,0.003680006,0.003531935,0.1054804,0.09106475,0.2886474,0.1278691,0.08933945,0.06371221,0.02142068,0.1233406
39,0.003581012,0.01847063,0.02814701,0.02224798,0.001179709,0.0009175085,0.003501031,0.00310953,0.0954425,0.08168299,0.3501503,0.1159261,0.08741926,0.05515046,0.01897227,0.1141016
40,0.003277831,0.01591748,0.02517063,0.02482432,0.001133445,0.0009273999,0.003357979,0.002786266,0.08776191,0.07324122,0.3996243,0.1043045,0.08534849,0.04847764,0.0168618,0.1069847
41,0.003179075,0.01430981,0.02341658,0.03097264,0.001118662,0.0009447185,0.003301205,0.002603454,0.083776,0.06707886,0.4323815,0.09515999,0.08069398,0.04368494,0.0147884,0.1025902
42,0.003552586,0.0148543,0.02475709,0.0445575,0.001207805,0.00101248,0.003528434,0.002787186,0.08915833,0.06777894,0.4324857,0.09302892,0.06730484,0.04023109,0.01183513,0.1019198
43,0.004399882,0.01744584,0.02898719,0.06578539,0.001390246,0.001116191,0.003998763,0.003322928,0.1031331,0.07451087,0.4035207,0.09619861,0.05173776,0.03479603,0.009012118,0.1006443
44,0.005736989,0.02208079,0.03593834,0.09374445,0.001649684,0.001249436,0.004684056,0.004199408,0.1250086,0.08629038,0.3399338,0.1031736,0.04057953,0.03026139,0.007098039,0.09837133
45,0.007248914,0.02773785,0.04372305,0.1184113,0.001886916,0.001337177,0.005302629,0.005171285,0.1482652,0.09877901,0.2646528,0.1092493,0.03579313,0.0315168,0.006420083,0.09450459
46,0.007985475,0.03081555,0.04701995,0.1226016,0.001910359,0.001290423,0.005361546,0.005554017,0.1569546,0.102359,0.201276,0.1094614,0.04511519,0.05349384,0.009017381,0.09978371
47,0.007114062,0.02774794,0.04146646,0.09942311,0.001643156,0.001120882,0.004686107,0.004817945,0.1402044,0.0914041,0.167914,0.1058432,0.07483421,0.09014128,0.01723413,0.1244051
48,0.006951203,0.02745327,0.04034087,0.08848092,0.00159639,0.00112239,0.004644195,0.004648566,0.1393419,0.09129165,0.1512813,0.1141223,0.08007993,0.08591835,0.01892064,0.1438062
49,0.007162202,0.03200548,0.04612619,0.07382716,0.001631569,0.001135418,0.004838796,0.00473486,0.1443836,0.1077072,0.1276992,0.1309347,0.07925709,0.08197057,0.01953435,0.1370516
50,0.006835144,0.03089792,0.04395698,0.06436194,0.001587435,0.001111049,0.004782093,0.004520192,0.1402418,0.1070573,0.1272647,0.1400146,0.08502702,0.08050112,0.02167717,0.1401635
51,0.006466008,0.02952281,0.04167097,0.05604614,0.001556966,0.001098639,0.004727849,0.004319842,0.1358266,0.1059555,0.1353266,0.146106,0.09083019,0.07525297,0.02338983,0.1419031
52,0.006120459,0.02813823,0.03959232,0.04951514,0.001545924,0.001100474,0.004699425,0.004161833,0.1320214,0.1048448,0.1536672,0.1495354,0.09322146,0.06748223,0.0238598,0.140494
53,0.005941035,0.02741811,0.03854452,0.04562762,0.001567546,0.001114126,0.00473517,0.004127316,0.1307698,0.1050129,0.1760661,0.150874,0.08928964,0.06019486,0.02252767,0.1361896
54,0.006096094,0.02822455,0.03958307,0.04501531,0.001643331,0.001141107,0.004899568,0.004324427,0.1347472,0.1085695,0.1913391,0.1523351,0.07815114,0.05448873,0.01949937,0.1299424
55,0.006688588,0.03118767,0.04343976,0.0475007,0.00178304,0.00117609,0.005218948,0.004824014,0.1456308,0.1169276,0.1918473,0.1556087,0.06285256,0.04807204,0.01570268,0.1215396
56,0.007631638,0.03607841,0.04968639,0.05157368,0.001953017,0.001196729,0.005602938,0.005556528,0.1614759,0.1286587,0.1767564,0.1593422,0.04922054,0.04175454,0.01245944,0.111053
57,0.008119232,0.03907685,0.05324188,0.05154504,0.00198328,0.001140973,0.005623937,0.005915668,0.1676399,0.1331095,0.1540843,0.1568621,0.05042206,0.05179198,0.01324874,0.1061945
58,0.007770447,0.03813602,0.05162355,0.04574711,0.001831173,0.001011375,0.005178827,0.005624202,0.1587285,0.1267179,0.1374416,0.1493169,0.06532903,0.07465645,0.01794884,0.1129379
59,0.00738076,0.03691651,0.04983096,0.04035068,0.001707739,0.0009295329,0.004861488,0.005314022,0.150725,0.122041,0.1313304,0.1480197,0.07419758,0.08198929,0.02069039,0.1237149
60,0.006821614,0.03464234,0.04688127,0.03497988,0.001591113,0.0008793391,0.004587548,0.004908252,0.1409626,0.1167065,0.1400691,0.1488848,0.08209927,0.08258952,0.02285432,0.1305426
61,0.006369556,0.03135819,0.04280691,0.03241332,0.001530002,0.0009071779,0.004440015,0.004667935,0.1341419,0.1085995,0.1685464,0.1480761,0.08189306,0.07627565,0.0222424,0.1357319
62,0.005601785,0.02763668,0.03831908,0.02802742,0.001420327,0.0009178338,0.004160148,0.004182226,0.1214646,0.1004548,0.2090229,0.142403,0.08918808,0.07142028,0.02318754,0.1325934
63,0.005099523,0.02498982,0.03527454,0.02596999,0.001362323,0.0009448961,0.004000835,0.003875335,0.1128987,0.09465761,0.2546111,0.1363706,0.08828463,0.06262109,0.02165864,0.1273803
64,0.004931383,0.02381543,0.03420736,0.02641615,0.001365725,0.0009923554,0.003995758,0.00380055,0.1097279,0.09241473,0.2896218,0.1320236,0.08050826,0.05618584,0.01874861,0.1212445
65,0.005112825,0.02427762,0.03533856,0.02920273,0.001429608,0.001058183,0.0041459,0.003976142,0.1122842,0.09424184,0.3032458,0.1306249,0.07044779,0.05256261,0.01585673,0.1161946
66,0.005708174,0.02679863,0.03923947,0.03426621,0.001562547,0.001143667,0.004471807,0.004461737,0.121713,0.1012742,0.2921292,0.133331,0.0593576,0.0492266,0.01321634,0.1120998
67,0.006614215,0.03100492,0.04534339,0.04042558,0.001731722,0.001228666,0.00488695,0.005179846,0.1358382,0.1119192,0.2606205,0.1382778,0.05046068,0.04714091,0.01133702,0.1079905
68,0.007488153,0.03538686,0.05147734,0.0449826,0.001855992,0.001270848,0.005185639,0.005856172,0.1484462,0.1214912,0.218482,0.141744,0.0477252,0.05178865,0.01107776,0.1057414
69,0.007956327,0.03817663,0.05520646,0.04557787,0.001868505,0.001241591,0.005198622,0.006193276,0.1536183,0.1256475,0.1785071,0.1418329,0.05205264,0.06541339,0.01285599,0.1086529
70,0.007505014,0.03659593,0.0528673,0.04039769,0.001711216,0.00113839,0.004801314,0.005801686,0.144005,0.119193,0.1518306,0.1382904,0.0687781,0.08810739,0.01820369,0.1207732
71,0.006651145,0.03284174,0.04774719,0.03378127,0.001535869,0.001065334,0.004400072,0.005128251,0.1299179,0.1101533,0.1485702,0.1384577,0.08752052,0.09325945,0.02365174,0.1353182
72,0.006675366,0.03337042,0.04876256,0.03234172,0.001559466,0.001107513,0.004512213,0.005189167,0.1315344,0.1136631,0.1527588,0.146642,0.0801192,0.08056165,0.02155448,0.139648
73,0.00621594,0.0310766,0.04593148,0.02941299,0.00151273,0.001109204,0.004412395,0.004900588,0.1251869,0.1099004,0.1720715,0.1482021,0.08252472,0.07750271,0.02207748,0.1379624
74,0.005876801,0.02946215,0.04408879,0.02739321,0.001487608,0.001113704,0.004341915,0.004708221,0.1203708,0.1074461,0.1935995,0.1473779,0.08298723,0.07279309,0.02176246,0.1351907
75,0.005670371,0.02838345,0.04303025,0.02648617,0.001486065,0.001126845,0.004321646,0.004615193,0.1173704,0.1059848,0.2164005,0.1456471,0.08002683,0.0679168,0.02046265,0.1310709
76,0.0055829,0.02780676,0.04268702,0.02650179,0.001499609,0.001141732,0.004332744,0.004604578,0.1158199,0.1052809,0.2356791,0.1432532,0.07579493,0.06457669,0.01890372,0.1265344
77,0.005368213,0.0264853,0.04122265,0.02622812,0.001475263,0.001131711,0.00424302,0.004463843,0.1114706,0.1017935,0.2551205,0.1380029,0.07667874,0.06476211,0.01860062,0.122953
78,0.005573332,0.02725866,0.04282524,0.02811144,0.001530178,0.001158978,0.00435749,0.004659846,0.1140301,0.103997,0.262563,0.137308,0.06902225,0.06087093,0.01640752,0.120326
79,0.006293684,0.03071104,0.04836273,0.03231345,0.001675181,0.001219521,0.004693358,0.005280937,0.1248153,0.1130686,0.2537723,0.1415143,0.05526667,0.05289256,0.01313295,0.1149875
80,0.007215751,0.03538676,0.05557386,0.03694964,0.001827718,0.001267954,0.005047982,0.006056597,0.1378691,0.1239724,0.2281915,0.1459365,0.04613997,0.0491202,0.01112932,0.1083146
81,0.006798906,0.03352126,0.05275514,0.03403923,0.001674535,0.00114801,0.004630545,0.005663537,0.1279065,0.1156088,0.2074873,0.1369815,0.06509554,0.07733013,0.0164829,0.1128763
82,0.006305203,0.03123536,0.04940056,0.03078139,0.001540308,0.001067074,0.004300736,0.005215036,0.118299,0.108243,0.2060722,0.1333763,0.07679732,0.08386969,0.01970543,0.1237914
83,0.005765085,0.02851383,0.04554687,0.0279374,0.001434222,0.001027581,0.004063106,0.004746662,0.1090848,0.1014862,0.2258214,0.1320766,0.08302728,0.07995659,0.02098638,0.1285259
84,0.00567815,0.02793637,0.04502756,0.02784612,0.001432693,0.001047044,0.004083934,0.004675277,0.1072893,0.1009355,0.2459017,0.1338637,0.07649752,0.07116805,0.01886874,0.1277483
85,0.005555857,0.02674528,0.04357533,0.02840783,0.001426003,0.001015467,0.004075759,0.00440726,0.1046713,0.09806393,0.267118,0.1324775,0.07255569,0.06740289,0.0174513,0.1250506
86,0.005131087,0.02429772,0.04015125,0.0274843,0.001353642,0.0009589856,0.003888351,0.003922447,0.09691171,0.09146136,0.2905017,0.1261675,0.0786666,0.06831701,0.01829276,0.1224936
87,0.004969265,0.02304702,0.03858318,0.02838623,0.001335626,0.0009379102,0.003837962,0.003667051,0.09327824,0.08815793,0.3114737,0.1222933,0.07749858,0.06408029,0.01734932,0.1211044
88,0.005227929,0.02374173,0.0400693,0.032083,0.001400604,0.0009579674,0.004000377,0.003733568,0.09602773,0.09027092,0.3191034,0.1227906,0.06813989,0.05864422,0.01488667,0.118922
89,0.005645456,0.02517839,0.04263656,0.03688831,0.001484405,0.000981444,0.004209955,0.003905864,0.1006894,0.09391146,0.3126754,0.1241481,0.06114645,0.05691975,0.01324164,0.1163374
90,0.006270545,0.02768248,0.04673877,0.04248303,0.001589115,0.001000648,0.004464927,0.004207016,0.1078672,0.09972847,0.2928214,0.1267736,0.05523552,0.05658605,0.01204229,0.1145089
91,0.007429388,0.03288525,0.05489906,0.05022299,0.001767455,0.001025783,0.004884994,0.004840006,0.1220893,0.111566,0.261622,0.1329478,0.04442661,0.04950521,0.009866423,0.1100217
92,0.008616055,0.03857926,0.06345582,0.0565,0.001909405,0.001024389,0.005225195,0.005446224,0.1356651,0.1228844,0.2191214,0.1380468,0.03946747,0.04977489,0.009110956,0.1051727
93,0.009957878,0.04558001,0.07363553,0.06126169,0.002026467,0.0009849088,0.005475425,0.006092608,0.1503969,0.1349681,0.1759704,0.1419947,0.03448709,0.04913542,0.008398789,0.09963408
94,0.01053441,0.04953801,0.07874428,0.05962835,0.001977144,0.0008838697,0.005321455,0.00621777,0.1543215,0.1381705,0.1348582,0.1410202,0.03930682,0.06692629,0.01066138,0.1018899
95,0.009851493,0.04763639,0.07489961,0.05076038,0.001741184,0.0007402645,0.00472904,0.005602273,0.1424943,0.1290509,0.1055722,0.1368872,0.05547434,0.09967661,0.01689049,0.1179932
96,0.008086025,0.039991,0.06286525,0.03817502,0.001430017,0.0006262738,0.004014728,0.004463774,0.1194056,0.1121311,0.1011345,0.1374332,0.08413387,0.1171508,0.02648991,0.1424689
97,0.005917902,0.02594233,0.04201483,0.03045298,0.001202112,0.000627647,0.003519193,0.003207171,0.09628125,0.08210308,0.1877917,0.1313814,0.1056474,0.08845913,0.03005393,0.1653979
98,0.00469363,0.02029943,0.03409491,0.02532979,0.001097738,0.0006641455,0.003264956,0.002533241,0.08262187,0.07138351,0.3047732,0.1195556,0.09754039,0.06122181,0.02424235,0.1466835
99,0.003921238,0.0162406,0.02847548,0.02500511,0.001030214,0.0006932649,0.003069616,0.002095441,0.07266723,0.06212758,0.4007992,0.1042889,0.086289,0.04766205,0.01863126,0.1270039
100,0.004228789,0.01667188,0.03000091,0.03346913,0.001133438,0.0007619604,0.003313761,0.002215961,0.07708093,0.06388169,0.4291753,0.1009129,0.06520822,0.04005911,0.01313168,0.1187544
101,0.005449769,0.02067001,0.03736337,0.05190022,0.001395016,0.0008834095,0.00398898,0.002786747,0.09377181,0.07473547,0.4066279,0.1073609,0.04436828,0.02846378,0.008846435,0.111388
102,0.007205165,0.02684879,0.04799306,0.07517761,0.0017096,0.0009883767,0.004780513,0.003570921,0.1161762,0.08960655,0.3484547,0.1157741,0.03139181,0.02105464,0.006252299,0.1030158
103,0.009051699,0.03390559,0.05923722,0.09419807,0.001960675,0.001012623,0.005370161,0.004330062,0.137636,0.1035406,0.2771646,0.1204412,0.02883084,0.02369475,0.005816083,0.09380976
104,0.01080314,0.04132476,0.07018962,0.1054822,0.002118735,0.0009684624,0.005709141,0.004963734,0.1563427,0.1153602,0.2101784,0.1221073,0.02890578,0.03085599,0.006192464,0.08849739
105,0.01204254,0.04746719,0.07843254,0.1066628,0.002140884,0.000872528,0.005716104,0.005286469,0.167995,0.1223652,0.151967,0.1215175,0.0323965,0.04645191,0.007725126,0.09096068
106,0.01172547,0.04776403,0.07725761,0.09257486,0.001927465,0.0007288948,0.005173896,0.004904307,0.1609573,0.1173827,0.1071369,0.1182127,0.04604467,0.08484666,0.01274782,0.1106146
107,0.00950525,0.03984056,0.06394119,0.06676874,0.00153516,0.000593379,0.004257711,0.003811488,0.1334408,0.1002168,0.09086484,0.1178862,0.07332912,0.1245875,0.0224231,0.1469981
108,0.006925633,0.02952842,0.04801548,0.04426538,0.00123367,0.0005607051,0.003625407,0.002737611,0.1056672,0.08390842,0.1213739,0.1261349,0.1085122,0.1132126,0.03203861,0.1722599
109,0.006380565,0.0323302,0.05255957,0.03286258,0.001213939,0.0005424576,0.003696951,0.002659708,0.1007611,0.09981056,0.1404017,0.1463717,0.1079778,0.0875996,0.03076108,0.1540706
110,0.005506645,0.02792546,0.04579464,0.02763401,0.001174116,0.0005383043,0.003649471,0.002484395,0.09122624,0.09534976,0.2003924,0.1519847,0.1047451,0.06881682,0.02865571,0.1441222
111,0.004962638,0.02491767,0.04127747,0.02536188,0.001172657,0.0005416548,0.003629667,0.002436896,0.08467583,0.09147483,0.2624079,0.1485087,0.0961915,0.05611489,0.02470554,0.1316202
112,0.004804413,0.02367197,0.03955735,0.02598864,0.001219081,0.0005522384,0.003705246,0.00254152,0.08239588,0.09034608,0.3064634,0.1437292,0.08396429,0.04963995,0.02033845,0.1210822
113,0.00471875,0.02265285,0.03816365,0.02770152,0.001256058,0.0005557323,0.003742799,0.00263913,0.08022002,0.08837855,0.3344333,0.1367516,0.07819763,0.04909605,0.01797028,0.1135221
114,0.00473735,0.0220898,0.0374331,0.03043812,0.001292738,0.0005558069,0.003781286,0.002750392,0.07895365,0.08681678,0.3479931,0.1304374,0.07529015,0.0507366,0.01657669,0.110117
115,0.005486745,0.02507995,0.04228214,0.03776509,0.001462567,0.0005739869,0.004166281,0.003271031,0.0874767,0.09499586,0.3382916,0.134112,0.05976884,0.04459964,0.012996,0.1076716
116,0.006193276,0.02789989,0.04662703,0.0446578,0.001596773,0.0005785491,0.004474772,0.003747056,0.09456522,0.1016614,0.311023,0.1362999,0.05505495,0.04801728,0.01200555,0.1055975
117,0.006890345,0.03092413,0.05098545,0.04993035,0.001695859,0.0005575556,0.004683386,0.00419624,0.1009335,0.1076325,0.2765003,0.1377001,0.0540246,0.05490002,0.01207735,0.1063683
118,0.007659597,0.03454948,0.05602586,0.05407681,0.001786262,0.0005282256,0.004878243,0.00467228,0.1079855,0.1145346,0.2385405,0.1406483,0.05248532,0.06051566,0.01219398,0.1089192
119,0.008541877,0.03902411,0.06212395,0.05730852,0.001877456,0.0004949618,0.005084662,0.005204301,0.1162845,0.1229809,0.1978471,0.1455003,0.04989825,0.06422715,0.01214819,0.1114538
120,0.008528492,0.0395663,0.06206111,0.0534742,0.001797617,0.0004390839,0.004886197,0.005174203,0.1139206,0.1215392,0.1619919,0.1450169,0.06088232,0.0844754,0.01590913,0.1203372
121,0.007881616,0.03880455,0.06017957,0.04402266,0.00163035,0.0003924641,0.004502486,0.004815655,0.1048627,0.119759,0.1346284,0.1464249,0.07922526,0.1000003,0.02190512,0.1309649
122,0.007204125,0.03592314,0.05539224,0.03754386,0.001515945,0.0003774407,0.004277681,0.004475804,0.09697124,0.1144795,0.1357047,0.1520578,0.09102295,0.09545302,0.02550529,0.1420951
123,0.006752792,0.03398497,0.05229474,0.0333381,0.001477441,0.0003885777,0.004234998,0.004314172,0.09239398,0.1127257,0.1523183,0.1587719,0.09263986,0.084019,0.02577101,0.1445743
124,0.006293909,0.03181511,0.04902457,0.03002386,0.001452767,0.0004086127,0.004199322,0.004163993,0.08769039,0.1101726,0.1810361,0.1611547,0.09232356,0.07404692,0.02522869,0.1409649
125,0.005823813,0.02939435,0.04549289,0.02747869,0.001425562,0.0004304583,0.00412542,0.0039955,0.08246237,0.1060239,0.2179622,0.1583786,0.0921469,0.06566887,0.02439549,0.134795
126,0.00581893,0.02923685,0.04535556,0.02768208,0.001475729,0.0004604814,0.004226671,0.004130214,0.08224333,0.1069694,0.245973,0.1574596,0.08170117,0.05805533,0.02098525,0.1282264
127,0.00624672,0.03127703,0.04843818,0.0301141,0.001592506,0.0004899771,0.00448181,0.004560039,0.08657042,0.1128473,0.2566204,0.1594479,0.06746584,0.05195865,0.01710215,0.120787
128,0.00688485,0.0344894,0.05312318,0.03332809,0.001721221,0.0005051109,0.004753747,0.005125229,0.09258349,0.1203995,0.2493431,0.1615424,0.05776405,0.04994063,0.01466489,0.113831
129,0.007543056,0.03802457,0.05808961,0.03596531,0.001817508,0.0004972709,0.00493439,0.005677852,0.09810219,0.1271551,0.2296117,0.1622377,0.05368407,0.05329857,0.01386219,0.1094989
130,0.008164928,0.04165965,0.06301274,0.03758491,0.001875218,0.0004710382,0.005019551,0.006173472,0.1027684,0.1328933,0.2043225,0.1623973,0.05221187,0.05924146,0.01391645,0.1082872
131,0.008156846,0.04221062,0.06334484,0.03580175,0.001799961,0.0004239618,0.004799508,0.006161744,0.1004175,0.1306127,0.1809942,0.1583916,0.0607475,0.07577185,0.01690406,0.1134614
132,0.007286836,0.03814391,0.05713829,0.03047965,0.001595455,0.0003737547,0.004307844,0.005490106,0.08957503,0.119004,0.1717993,0.1521539,0.08137345,0.09213587,0.02306296,0.1260796
133,0.006363902,0.03127619,0.04727847,0.02759965,0.001455808,0.000404787,0.004004389,0.004746506,0.08007982,0.1018227,0.2055853,0.1467923,0.09215162,0.08474043,0.02505434,0.1406438
134,0.005655544,0.02767403,0.04241728,0.02483101,0.00137745,0.0004632166,0.003849181,0.004199713,0.07306758,0.0950045,0.2499716,0.1426364,0.09384108,0.0724841,0.02412735,0.1384
135,0.005106307,0.02460144,0.03836125,0.02367121,0.001328117,0.0005335041,0.003744193,0.003781922,0.06735065,0.08880702,0.3002551,0.1360078,0.09115956,0.0620199,0.02197788,0.1312942
136,0.004705499,0.02206395,0.03506887,0.02403438,0.00129564,0.0006052791,0.003662196,0.003463185,0.06271997,0.08298554,0.3456027,0.1276823,0.0878965,0.05473985,0.01981581,0.1236584
137,0.004658561,0.02110736,0.0340963,0.02700428,0.001321713,0.0006841425,0.0037187,0.003388435,0.06154618,0.08076818,0.3729801,0.1222253,0.08043282,0.05036493,0.01716871,0.1185342
138,0.005227069,0.0229838,0.03734132,0.03411704,0.001463574,0.0007828015,0.004061281,0.003748449,0.06668844,0.08598162,0.3728689,0.1240386,0.06585154,0.04560201,0.01371655,0.115527
139,0.006357142,0.02747988,0.04437135,0.0447447,0.001695413,0.0008860791,0.004613515,0.004489164,0.07707941,0.09725846,0.3480333,0.1306571,0.0512934,0.03933271,0.01068374,0.1110248
140,0.007756899,0.03339472,0.05315343,0.05612158,0.001936533,0.0009705539,0.005191382,0.00538335,0.08922865,0.1104592,0.2979583,0.1378532,0.0445262,0.03958489,0.009424133,0.107057
141,0.009235917,0.040177,0.06267254,0.06503686,0.002130442,0.0009996828,0.005624803,0.006283627,0.1011664,0.1232242,0.2442683,0.1430204,0.04081204,0.04295393,0.009012093,0.1033819
142,0.009489192,0.04195653,0.06429964,0.06295171,0.002047822,0.0009218527,0.005388574,0.006298983,0.1008135,0.1221733,0.1960965,0.1391088,0.05369894,0.07078908,0.01317739,0.1107883
143,0.008470768,0.03805662,0.05773325,0.05224749,0.001773846,0.0008090303,0.004737365,0.005484395,0.08974136,0.110125,0.1687144,0.1339202,0.07721969,0.09832532,0.02058761,0.1320537
144,0.007750547,0.03529337,0.05329948,0.04483135,0.001632044,0.0007843957,0.004462206,0.004945412,0.08326446,0.1044496,0.1682388,0.1382896,0.08689442,0.09475452,0.02346067,0.147649
145,0.007258985,0.03186549,0.04825451,0.04221827,0.001581986,0.0008353199,0.004388379,0.004550293,0.07986525,0.09743962,0.1969217,0.1407122,0.08280228,0.0837952,0.02196343,0.155547
146,0.0063603,0.02791866,0.04272297,0.03650982,0.001473417,0.0008665281,0.004151197,0.003943061,0.07254737,0.09014174,0.2385832,0.1366246,0.08773708,0.07755335,0.02244294,0.1504238
147,0.005907419,0.02574771,0.03983831,0.03458105,0.00143906,0.0009132298,0.004071915,0.003636155,0.06890763,0.08636699,0.2794754,0.1323406,0.08376257,0.06860623,0.02035796,0.1440476
148,0.005790493,0.02490914,0.03892612,0.03556176,0.001457661,0.0009698279,0.004114894,0.00353825,0.06802706,0.08529361,0.309681,0.1290314,0.0756624,0.06235748,0.01759635,0.1370826
149,0.005927174,0.02511192,0.03949942,0.03864605,0.001508656,0.001026063,0.004232549,0.003584339,0.06910426,0.08614974,0.3235548,0.1267784,0.06834744,0.05956409,0.01539676,0.1315683
150,0.00615535,0.02570657,0.04055167,0.04245041,0.00155889,0.001068459,0.004346085,0.003668507,0.0706306,0.08735663,0.3241722,0.1247512,0.0644549,0.06048799,0.01422958,0.128411
151,0.006137229,0.02527055,0.03995221,0.04439994,0.001544868,0.001071575,0.00430047,0.003589104,0.06952085,0.08546873,0.3225811,0.1204376,0.06705166,0.06590739,0.01462273,0.128144
152,0.006885802,0.0281857,0.0442512,0.05113601,0.001673755,0.001132187,0.00461059,0.003955451,0.07564879,0.09204084,0.3074503,0.124053,0.05748356,0.0606303,0.01252069,0.1283417
153,0.007687948,0.03144348,0.04885519,0.05756091,0.001794741,0.001185806,0.004916683,0.004334521,0.0819346,0.09886019,0.2825101,0.1281982,0.05209709,0.06040842,0.01152307,0.1266892
154,0.007948528,0.03263732,0.05018443,0.05852144,0.00179195,0.001168157,0.004910202,0.004389054,0.08295894,0.09989676,0.2563054,0.1278881,0.05694847,0.07215615,0.01308679,0.1292083
155,0.007065206,0.02906936,0.04457544,0.05063046,0.001590173,0.001063443,0.004411625,0.003815383,0.0741396,0.09013955,0.2511613,0.1213739,0.07597808,0.08831345,0.01815327,0.1385197
156,0.006196683,0.02538705,0.0390902,0.04411215,0.001437701,0.001013588,0.00405943,0.003295024,0.06650057,0.08182672,0.2763132,0.1179748,0.08647269,0.08153684,0.02034608,0.1444371
157,0.00671578,0.03257597,0.04960307,0.03951592,0.001533481,0.001049914,0.00438052,0.003545239,0.07085384,0.1054612,0.2437904,0.1359727,0.08177924,0.07370353,0.01943241,0.1300868
158,0.006731258,0.03256727,0.04915843,0.03900322,0.001536535,0.001033102,0.004425589,0.003563531,0.07019109,0.1065308,0.2476825,0.1433003,0.07820355,0.06922825,0.01898111,0.1278635
159,0.006690732,0.03229631,0.04835119,0.03820885,0.001530307,0.001007108,0.004414908,0.003568193,0.06891771,0.1063118,0.2496487,0.1467941,0.07868573,0.06774997,0.01936395,0.1264604
160,0.006658291,0.03206265,0.04764035,0.03754684,0.001528866,0.000984912,0.00440191,0.003585056,0.06773855,0.1059707,0.2524336,0.1488043,0.07920884,0.06601576,0.01961283,0.1258066
161,0.006826782,0.03282543,0.04836926,0.03804497,0.001564761,0.0009802266,0.004477148,0.003715176,0.06830548,0.1079596,0.2529869,0.151795,0.07549748,0.06308109,0.0187573,0.1248134
162,0.00704561,0.03386864,0.04947047,0.03873983,0.001604744,0.0009752238,0.004556566,0.003871308,0.06918362,0.1102652,0.250321,0.1542014,0.07233328,0.06213442,0.01809637,0.1233323
163,0.007158347,0.03444275,0.04988328,0.03868992,0.001618218,0.0009565071,0.004563814,0.003961762,0.06904618,0.1109862,0.2459511,0.154744,0.07278951,0.06394923,0.0183899,0.1228693
164,0.007526783,0.03635763,0.05212185,0.03974485,0.001671561,0.0009515192,0.004671094,0.004189469,0.07098391,0.1147609,0.2379789,0.1577052,0.06848034,0.06275048,0.01749725,0.1226082
165,0.007768308,0.03773745,0.05356724,0.03986717,0.001693694,0.0009324608,0.004701667,0.004337786,0.07176197,0.1168629,0.2288176,0.1591697,0.06776933,0.06507937,0.01761448,0.122319
166,0.008132939,0.039856,0.05596351,0.04025814,0.001729016,0.0009150142,0.004765041,0.004547882,0.07345913,0.1203986,0.2169816,0.161797,0.06534717,0.06595542,0.01731679,0.1225768
167,0.008088484,0.04001246,0.05569063,0.03846558,0.001690123,0.0008722534,0.004650391,0.00452037,0.07192686,0.1192474,0.207566,0.1611485,0.07033386,0.07214804,0.01904721,0.1245919
168,0.008386498,0.04198768,0.05786975,0.03815767,0.001711913,0.0008539435,0.004692442,0.004688252,0.07319491,0.1225669,0.1982398,0.1646808,0.06736682,0.07064474,0.01853863,0.1264193
169,0.007292637,0.03236403,0.04487279,0.0367122,0.001539402,0.000811532,0.004237898,0.004079189,0.06469487,0.09683672,0.238435,0.1486047,0.08011087,0.07678282,0.02136947,0.1412559
170,0.006447549,0.02859537,0.04006144,0.03261208,0.001425043,0.0008056656,0.003956167,0.003605542,0.0584761,0.08871584,0.2743568,0.1387922,0.08778282,0.07091501,0.02222174,0.1412307
171,0.005813018,0.02551112,0.03625101,0.0307175,0.001351762,0.0008208044,0.003779934,0.003249014,0.05377178,0.08229048,0.3207105,0.1304583,0.08698346,0.06156716,0.02072176,0.1360023
172,0.005338024,0.02293059,0.03312894,0.03074946,0.001300115,0.000840909,0.003651454,0.002971788,0.04999267,0.07659099,0.3645796,0.1219661,0.08389688,0.05436742,0.01877003,0.128925
173,0.005694005,0.02391713,0.03482787,0.03630898,0.001391373,0.0009098033,0.003875728,0.003148972,0.05235458,0.07934847,0.3790587,0.1218256,0.06957716,0.0480705,0.01499012,0.124701
174,0.006229117,0.02562985,0.03740334,0.04361895,0.001497615,0.000975594,0.004140569,0.003404769,0.05567548,0.0832261,0.3727524,0.1226235,0.06133262,0.04759566,0.0129756,0.1209187
175,0.007237383,0.02949682,0.04270108,0.05338989,0.001664384,0.001045218,0.004543555,0.003898061,0.06212657,0.09141874,0.3459281,0.1271105,0.05295772,0.04651417,0.01123255,0.1187353
176,0.008587878,0.03507149,0.04998133,0.06390968,0.001856754,0.001104944,0.00500503,0.004544976,0.07057136,0.1023129,0.3050403,0.1334746,0.0462223,0.0461106,0.01000308,0.1162028
177,0.009885499,0.04085825,0.05709618,0.07135577,0.001995504,0.001121192,0.005331636,0.005123779,0.07811452,0.1119916,0.2572728,0.1383615,0.044419,0.05175668,0.01005822,0.1152578
178,0.01036392,0.04362032,0.05983299,0.07046689,0.001967239,0.001057891,0.005249375,0.005242507,0.07976554,0.114012,0.2135714,0.138214,0.05187332,0.07048275,0.01276409,0.1215158
179,0.009751302,0.04184691,0.05665235,0.06161797,0.00178513,0.0009515889,0.004817547,0.004815035,0.07458468,0.1076913,0.1842014,0.1358714,0.06763548,0.09271353,0.01799719,0.1370671
180,0.009228058,0.04036097,0.05416393,0.05427898,0.00167048,0.0009052898,0.004589949,0.00448657,0.07103296,0.1045004,0.1731392,0.1398189,0.07524373,0.09518123,0.02063109,0.1507682
181,0.007772862,0.03201588,0.04327166,0.04742869,0.001476564,0.0008581207,0.004177289,0.003655316,0.06243904,0.08729161,0.2128343,0.1338003,0.0846599,0.09026454,0.02265768,0.1653962
182,0.006573661,0.02712544,0.03721731,0.03971728,0.001343508,0.0008478315,0.003893803,0.003027251,0.05557793,0.07907143,0.2675018,0.1277608,0.08978637,0.07762828,0.02266799,0.1602592
183,0.006037382,0.02470393,0.03444603,0.0379192,0.001310242,0.0008723034,0.00383648,0.002744372,0.0527601,0.07550757,0.3193966,0.1227571,0.08190081,0.06557843,0.01934777,0.1508816
184,0.005258164,0.0210187,0.02999138,0.03626548,0.001219912,0.0008631712,0.003606517,0.002355535,0.04757158,0.0679348,0.3755473,0.111628,0.08145246,0.05869215,0.01783961,0.1387552
185,0.004630649,0.01780906,0.0260853,0.03719069,0.001134555,0.0008444145,0.003371188,0.002028081,0.04294398,0.06039954,0.4262307,0.09962252,0.08112576,0.05115238,0.0163615,0.1290697
186,0.004622224,0.01694468,0.02529887,0.04519166,0.001147661,0.0008669037,0.003400293,0.001963969,0.04262177,0.0581766,0.4506501,0.0936712,0.07187984,0.0456518,0.01361683,0.1242956
187,0.005174513,0.01813584,0.0272148,0.06085649,0.001249517,0.0009255164,0.003673873,0.002123954,0.04618997,0.06071614,0.4457654,0.09336331,0.05938082,0.04191152,0.01091424,0.1224041
188,0.006402898,0.02182447,0.032293,0.08425143,0.001449131,0.001011078,0.004202207,0.002537163,0.05423675,0.0686302,0.4128414,0.09825796,0.04657213,0.03640144,0.00853126,0.1205575
189,0.007990251,0.02686492,0.03874929,0.1104111,0.001676651,0.001104133,0.004834573,0.003053522,0.06426502,0.07864657,0.3471843,0.1054338,0.04232839,0.03874671,0.007844223,0.1208666
190,0.00895262,0.030124,0.0421938,0.1210594,0.001757019,0.001101976,0.005063097,0.003292903,0.06959046,0.08330538,0.2895265,0.10778,0.04762605,0.0536271,0.009370322,0.1256294
191,0.009769716,0.03323697,0.04512965,0.1239557,0.001802969,0.001081045,0.005206537,0.003462589,0.07417405,0.08755611,0.2401413,0.1113389,0.05139782,0.06556611,0.0108721,0.1353084
192,0.009775786,0.03374675,0.04467196,0.1142205,0.001739427,0.001030629,0.005078909,0.003351524,0.07405028,0.08718879,0.2052423,0.1141712,0.06096536,0.08132367,0.01396375,0.1494791
193,0.01003,0.03955996,0.05098381,0.09135383,0.001717353,0.001043358,0.005123506,0.003316263,0.07576448,0.1016203,0.157453,0.1290814,0.07340285,0.09335942,0.018421,0.1477695
194,0.009930345,0.03997795,0.0504,0.08207672,0.001672043,0.001047381,0.005082042,0.00322399,0.07546221,0.1033439,0.1421574,0.1405376,0.07637531,0.09135476,0.02009267,0.1572658
195,0.009574508,0.03933242,0.0487807,0.07209224,0.001623164,0.001055501,0.005010698,0.003103076,0.07389867,0.1038173,0.1382458,0.1501017,0.08060367,0.08922251,0.02188232,0.1616558
196,0.008883332,0.03717425,0.04564627,0.06143574,0.001554288,0.001056553,0.004854503,0.002916638,0.07036758,0.1017158,0.1469339,0.1557241,0.08837706,0.08561826,0.02431729,0.1634245
197,0.008186562,0.03479902,0.04253607,0.05276516,0.001504801,0.001068279,0.004724589,0.002759967,0.0669178,0.0993757,0.1695492,0.158626,0.09298994,0.07707838,0.02540506,0.1617134
198,0.008179032,0.03527739,0.04290521,0.04988993,0.001556525,0.001120545,0.004854833,0.002854568,0.0679886,0.1027678,0.191418,0.1633472,0.08274148,0.06686774,0.02234961,0.1558815
199,0.008380117,0.0366531,0.04434409,0.04891781,0.001627872,0.001168219,0.005022205,0.003024238,0.07010999,0.1072599,0.2070249,0.1663243,0.07245396,0.06125816,0.01950466,0.1469263
200,0.009162502,0.04079005,0.04889248,0.0510613,0.001759819,0.001220839,0.005337393,0.003388299,0.07582375,0.1164412,0.2068337,0.1713739,0.05957964,0.05484051,0.0161585,0.1373362
201,0.009587572,0.04352815,0.05170835,0.05080527,0.001805365,0.001214156,0.005413157,0.003591343,0.07844739,0.1210812,0.1972366,0.17105,0.05779673,0.05997326,0.01600723,0.1307541
202,0.009273694,0.04298262,0.05074563,0.04639823,0.00171819,0.001132676,0.005125366,0.003483627,0.07559121,0.1178675,0.1883707,0.1647909,0.06690826,0.07449629,0.01898096,0.1321343
203,0.008424663,0.03977406,0.04690974,0.03996649,0.001568406,0.001040728,0.004699144,0.003169751,0.06931901,0.1101977,0.191641,0.1582453,0.0800527,0.08330687,0.02272404,0.1389603
204,0.007913845,0.03795122,0.04483181,0.03607853,0.001497984,0.001009743,0.004514311,0.003003078,0.06587602,0.1070395,0.2068112,0.1573977,0.08200595,0.07889069,0.02287283,0.1423057
205,0.006965452,0.03244223,0.03873943,0.03255696,0.001390471,0.0009792765,0.00420318,0.002746541,0.05956458,0.09540965,0.2490007,0.1492641,0.08621243,0.0738288,0.02304131,0.1436549
206,0.006073954,0.02825193,0.03428165,0.02903534,0.001295603,0.0009602156,0.00392551,0.00248779,0.05347883,0.08742327,0.2959715,0.1400427,0.09038106,0.06578765,0.02269335,0.1379097
207,0.005492868,0.02524532,0.03121214,0.02799701,0.001247622,0.000965117,0.003770578,0.002330203,0.04936229,0.08168028,0.3424342,0.1317104,0.08811657,0.0570371,0.02067213,0.1307262
208,0.005315829,0.02394399,0.03012569,0.0298881,0.001260325,0.0009985392,0.003779125,0.002319682,0.04796021,0.07950915,0.3736308,0.1263855,0.08079091,0.05158286,0.01791608,0.1245932
209,0.005297466,0.02326626,0.02972397,0.03341303,0.001288528,0.001034548,0.003830935,0.002353867,0.04746687,0.07829864,0.3894473,0.1219053,0.07594094,0.05022981,0.01613441,0.120368
210,0.00562887,0.02414963,0.03111438,0.03952698,0.00136832,0.001092498,0.004024997,0.002524564,0.0493927,0.08059849,0.3867252,0.1212796,0.06929685,0.04979631,0.01436931,0.1191113
211,0.006649496,0.02818255,0.03617901,0.05006372,0.001558533,0.00119823,0.004509723,0.002992859,0.05615979,0.09017438,0.363665,0.1276827,0.05650538,0.04504116,0.01170921,0.1177281
212,0.008074488,0.03420786,0.04337902,0.0624189,0.00178898,0.001309697,0.005104224,0.003622822,0.06534636,0.103245,0.3201553,0.1364505,0.04751635,0.04261947,0.009999868,0.1147613
213,0.009599106,0.0411681,0.05126518,0.07260942,0.001985786,0.001374679,0.005602744,0.004263109,0.07464688,0.1163572,0.2660059,0.1438326,0.043756,0.04584728,0.009586562,0.1120996
214,0.01071525,0.04695722,0.05733363,0.07640649,0.002064218,0.001354089,0.005786044,0.004677755,0.08075771,0.1248175,0.2134128,0.1470758,0.046087,0.05805112,0.01092124,0.1135821
215,0.01110032,0.04996595,0.05993498,0.07296932,0.002006462,0.001264162,0.005630021,0.004744039,0.0820629,0.1267748,0.1681738,0.1474977,0.05369603,0.07754178,0.01405049,0.1225873
216,0.009729864,0.04491494,0.05341768,0.05854446,0.001718464,0.001091903,0.004909626,0.004074866,0.07255664,0.1141971,0.1424599,0.1432953,0.07841148,0.1056862,0.02230304,0.1426885
217,0.008062476,0.03587075,0.04292711,0.04801845,0.001485688,0.0009560687,0.004380738,0.003354931,0.06305262,0.09632782,0.1681715,0.1415464,0.09542489,0.09801406,0.02684074,0.1655657
218,0.006714055,0.03016462,0.03668517,0.03860957,0.00134549,0.0009027775,0.004069716,0.002830241,0.05587204,0.08765718,0.2256743,0.1398632,0.1013565,0.07857776,0.0270574,0.16262
219,0.005644804,0.02523929,0.0314202,0.03324288,0.001246522,0.0008728718,0.003815898,0.002439957,0.04980131,0.07934478,0.3046423,0.1317214,0.09740625,0.06048309,0.02400128,0.1486772
220,0.004912314,0.02148185,0.02748941,0.03181446,0.001180435,0.0008518146,0.003615896,0.00217307,0.04517997,0.07196354,0.3759638,0.1202144,0.09028443,0.04902883,0.0202852,0.1335606
