"<HEADER software/>"
EwEVersion,"6.7.0.17868 (compiled 5/31/2022)"
Date,"8/7/2023 5:44:24 PM"
"<HEADER ecopath/>"
ModelName,1
"<HEADER ecosim/>"
EcosimScenario,sim-spa_01
TimeSeries,TS_updated_IB13
StartYear,1980
"<HEADER end/>"

Data,"Prey of Red drum"

timestep\group,"Benthic piscivores","Reef invertebrate feeders","Demersal coastal invertebrate feeders","Benthic coastal invertebrate feeders","Coastal omnivores","Reef omnivores","Menhaden (0yr)","Menhaden (1yr)","Menhaden (2yr)","Menhaden (3yr)","Menhaden (4yr)",Anchovy-silverside-killifish,Mullet,Cephalopod,"Pink shrimp","Brown shrimp","White shrimp",Crab,"Sessile epifauna","Mobile epifauna",Zooplankton,Infauna,Algae,Seagrass,Detritus,
1,0.0008791295,0.003871697,0.003842948,0.006540973,0.003914581,0.003871112,0.05291941,0.07068125,0.04009461,0.02392009,0.02059079,0.08937955,0.01313723,0.09518345,0.001695486,0.002869121,0.06602739,0.03544737,0.1059424,0.1431997,0.04904299,0.06145221,0.0236222,0.02312021,0.05875409
2,0.0008314694,0.003666593,0.003670755,0.006253588,0.003718412,0.003723958,0.05247242,0.07141728,0.04006361,0.02400332,0.02032787,0.08645572,0.01248493,0.0947203,0.001695766,0.002969776,0.06577381,0.0322239,0.1042225,0.1400554,0.05561259,0.06040737,0.02753128,0.02477103,0.06092642
3,0.0007497849,0.003338041,0.003367484,0.005768382,0.003391542,0.003480079,0.05158005,0.07157151,0.03948054,0.02370145,0.01974364,0.08142047,0.01142018,0.09451648,0.001680708,0.003108481,0.06525271,0.02820976,0.1011281,0.13528,0.06938425,0.05983546,0.03418926,0.02459905,0.06380267
4,0.0007003686,0.003158869,0.003211474,0.005549375,0.003206259,0.003388196,0.05140289,0.07499806,0.04030138,0.02412913,0.01977135,0.0797102,0.01078473,0.1043556,0.001693271,0.003207957,0.06530324,0.02577297,0.1003264,0.1321485,0.07459367,0.05734906,0.03232363,0.02136827,0.06124514
5,0.0006813622,0.003112283,0.003191997,0.005571039,0.00315139,0.003429249,0.04632678,0.07833775,0.04145039,0.02476537,0.02004948,0.08071087,0.01054681,0.1225501,0.001725663,0.003271681,0.06596217,0.02459411,0.101759,0.1307339,0.07142665,0.05442125,0.02718045,0.01872193,0.05632837
6,0.0007001205,0.00321199,0.003328517,0.005850958,0.003246302,0.003599833,0.04200822,0.0816851,0.0430454,0.02574282,0.02071373,0.0839605,0.01076433,0.1443287,0.001760921,0.003237903,0.06645704,0.02460161,0.1048408,0.1302462,0.0598545,0.05091646,0.02051024,0.01555016,0.04983775
7,0.0007422963,0.003389043,0.003550506,0.006263944,0.00342556,0.003825204,0.04014268,0.08367264,0.04448205,0.02675007,0.02151472,0.08770185,0.0112246,0.1629559,0.001782017,0.003140477,0.06656642,0.02513697,0.1083986,0.1296764,0.04536685,0.0475523,0.01574103,0.01339604,0.04360195
8,0.0007891494,0.003557979,0.00376908,0.006649071,0.003609049,0.004018993,0.04307609,0.08358896,0.04516508,0.0274502,0.02215896,0.09009098,0.01168359,0.1713964,0.001774746,0.003011776,0.0660146,0.02549525,0.1112582,0.1284149,0.0336325,0.04511856,0.01415783,0.01395526,0.04016271
9,0.0008502649,0.003756405,0.004023426,0.007065415,0.003836271,0.004216754,0.05381376,0.08335248,0.04572631,0.02818134,0.02289755,0.0920893,0.01227104,0.1710522,0.001748597,0.002823596,0.06467561,0.02590845,0.1139554,0.1270853,0.02434051,0.04295608,0.012269,0.01365174,0.03745301
10,0.0009157218,0.003946597,0.004270497,0.007443791,0.004067794,0.00438397,0.06999943,0.08230847,0.04585232,0.02873635,0.02354631,0.0933338,0.012858,0.1643918,0.001706015,0.002630673,0.06298198,0.02615776,0.1162197,0.1256184,0.01696772,0.04147435,0.0109302,0.01366216,0.0355962
11,0.0009606208,0.004031935,0.004404239,0.007603749,0.004204124,0.004428419,0.09396248,0.07962333,0.04487205,0.02869045,0.02372001,0.09223019,0.01315208,0.1502031,0.001634251,0.00244891,0.06060313,0.02566031,0.1165098,0.1230331,0.01217582,0.04114354,0.01169113,0.01621638,0.03679679
12,0.001037298,0.004218451,0.004647558,0.007921159,0.004454009,0.004550823,0.1270683,0.07867746,0.04458852,0.02905817,0.02428249,0.09287342,0.01376784,0.1383698,0.001559543,0.002179564,0.05741744,0.02574029,0.1175287,0.1203492,0.007526898,0.03889036,0.008222662,0.01209323,0.03297669
13,0.001103813,0.004377486,0.004813096,0.008158832,0.004682221,0.004645824,0.1265297,0.07693847,0.04465184,0.02960114,0.02497753,0.09342615,0.01430015,0.1260536,0.001508966,0.002054564,0.05632015,0.02560168,0.1198052,0.121052,0.005393847,0.0412057,0.01016157,0.01671569,0.03592083
14,0.001106794,0.00429713,0.004713282,0.007936536,0.004659649,0.004498665,0.1316152,0.07536547,0.04356573,0.02943445,0.02496044,0.08986463,0.0141385,0.1081188,0.001425546,0.001941486,0.05413714,0.02412938,0.1179915,0.1195948,0.004856775,0.04565034,0.01577512,0.02429911,0.04592361
15,0.001094318,0.00417092,0.004558184,0.007625837,0.004572449,0.004306671,0.1462557,0.07828239,0.04301815,0.02948127,0.02502327,0.08598632,0.01381601,0.09218854,0.0013648,0.001883273,0.05268403,0.02277492,0.1158419,0.1185156,0.004678044,0.04997368,0.01684053,0.02352985,0.05153326
16,0.001039367,0.00391894,0.00426197,0.007093448,0.004330133,0.004009346,0.1464977,0.08340207,0.04224163,0.02930988,0.02478265,0.08072355,0.01313,0.07663296,0.001340182,0.00195677,0.05275404,0.02110174,0.1133619,0.1191,0.006089662,0.05700205,0.02183926,0.0252669,0.05881389
17,0.0009485945,0.003571478,0.00385802,0.006404663,0.003957411,0.003640046,0.1362031,0.09302036,0.04212629,0.02946011,0.02464159,0.07452218,0.01214101,0.06269909,0.001355447,0.002150737,0.05402792,0.01931482,0.1108717,0.1203689,0.01100348,0.06466085,0.02932774,0.02376339,0.06596108
18,0.0008945166,0.003384706,0.003627765,0.006018557,0.00374027,0.003441805,0.1095279,0.1080515,0.04423145,0.03067655,0.02538344,0.07193445,0.01161702,0.05519487,0.001435918,0.002402212,0.05677613,0.01874343,0.1121503,0.1243747,0.02149123,0.06913699,0.02971281,0.01947085,0.06658074
19,0.00087461,0.003344025,0.003553951,0.005902653,0.003671164,0.00339355,0.07406714,0.1205351,0.0477289,0.03226598,0.02652623,0.07256169,0.01151278,0.05317235,0.001552323,0.002640297,0.06018298,0.01911756,0.115956,0.1300862,0.03409461,0.07068895,0.02644168,0.01685595,0.06327347
20,0.0008908817,0.003440317,0.003626834,0.006029884,0.003748209,0.003472237,0.04913736,0.127808,0.05242662,0.03408575,0.02801826,0.07584619,0.01179681,0.05513806,0.001661339,0.002752728,0.06270044,0.02021398,0.1206858,0.1353083,0.04038063,0.06900521,0.02074384,0.01435083,0.05673144
21,0.0009312761,0.003621209,0.003788547,0.006300183,0.003919518,0.003621112,0.03401087,0.1290133,0.0576249,0.0358758,0.02968583,0.0806196,0.01231942,0.05906297,0.001744375,0.002755382,0.06417509,0.021623,0.1254679,0.1394938,0.04011558,0.06586444,0.01613151,0.01251406,0.04972051
22,0.0009483721,0.003709871,0.003853294,0.006406535,0.003999305,0.00367568,0.02593536,0.1223585,0.06113698,0.03679354,0.03072301,0.08339925,0.01255542,0.061198,0.001769732,0.002710479,0.06420644,0.02223057,0.1272424,0.1407589,0.03933802,0.063398,0.0173507,0.01587207,0.04842962
23,0.0009795824,0.003837883,0.003960624,0.006571794,0.004130332,0.003757262,0.02472809,0.115666,0.06480169,0.03794075,0.03205289,0.08665869,0.01292459,0.06273746,0.001773585,0.002602555,0.06351202,0.02288589,0.129022,0.1415436,0.03621571,0.0610287,0.01634058,0.01675123,0.04757663
24,0.0009678598,0.003806332,0.003902222,0.006464564,0.004095525,0.003692337,0.02518169,0.1052552,0.06540069,0.03811233,0.03252206,0.08673096,0.01281875,0.06134167,0.001741048,0.002544379,0.06242362,0.02247914,0.1276826,0.140447,0.03707236,0.06097488,0.02030128,0.02187185,0.05216965
25,0.0009464098,0.003763714,0.003791233,0.006292042,0.00403534,0.003601338,0.03011524,0.09615216,0.06466164,0.03761742,0.03259006,0.08546072,0.01271399,0.05820611,0.001680702,0.002451697,0.06088784,0.02194673,0.1244429,0.1393516,0.03736513,0.06452157,0.02417916,0.02451019,0.05871516
26,0.0009142017,0.003688226,0.003648577,0.006070971,0.003932285,0.003482791,0.0377841,0.08744401,0.06378487,0.03725554,0.03261552,0.0837469,0.01250703,0.05524177,0.001647365,0.002440276,0.06034264,0.02142187,0.1212652,0.1390309,0.03983837,0.06826564,0.02630911,0.02420398,0.06311772
27,0.0008772041,0.00360182,0.003497532,0.005840145,0.003810139,0.003358167,0.04469112,0.07988211,0.0634106,0.03712669,0.03262882,0.08202235,0.01226051,0.05298328,0.001638326,0.002482131,0.06047612,0.0210119,0.1183065,0.1392284,0.04375393,0.07140217,0.02753491,0.02306837,0.06510666
28,0.0008624833,0.003604585,0.003435856,0.005759015,0.003777194,0.003315065,0.05081834,0.07321306,0.06583922,0.03770021,0.03316087,0.08225144,0.01227224,0.0526641,0.001659341,0.002527261,0.06113833,0.02125385,0.1172661,0.1407216,0.04511466,0.07266263,0.02506762,0.0206114,0.06330353
29,0.0008380713,0.003571523,0.003342746,0.005628437,0.003704875,0.003244134,0.05287934,0.06524406,0.06837241,0.03810832,0.03336677,0.08185965,0.01217212,0.05230229,0.001679562,0.002588444,0.06177333,0.02131173,0.1155684,0.1416283,0.04763849,0.07366659,0.02596614,0.02076254,0.0627817
30,0.0008326655,0.003611041,0.003321187,0.005616175,0.003707963,0.003236992,0.05509832,0.06040255,0.07163433,0.03931785,0.03405549,0.08296034,0.01228533,0.0530828,0.001708774,0.002614807,0.06231172,0.02180879,0.1150992,0.1429615,0.04699701,0.07322392,0.02398946,0.01940516,0.06071683
31,0.0008544963,0.003757724,0.003399484,0.005769098,0.003821837,0.003319378,0.05319468,0.05919584,0.07434621,0.0412913,0.0352666,0.08622997,0.01272516,0.05512581,0.001752821,0.002611513,0.06308136,0.02292042,0.1166842,0.1456807,0.04335523,0.07211581,0.01990857,0.01715036,0.05644149
32,0.0008872438,0.003942385,0.003511886,0.005975557,0.003977395,0.003428696,0.04864812,0.06006853,0.07464692,0.04352418,0.03652943,0.09013172,0.01327898,0.05702366,0.001786417,0.002571089,0.06349411,0.0241643,0.1186596,0.1482157,0.03866389,0.07077174,0.01729748,0.01627378,0.0525272
33,0.0009374705,0.004187517,0.003677272,0.00626382,0.004200034,0.003579994,0.04583628,0.06211467,0.07336345,0.04618963,0.03805006,0.0950326,0.01401754,0.05857218,0.001804235,0.002465679,0.06320056,0.02563005,0.121258,0.1503537,0.03280989,0.06880614,0.0144322,0.01494947,0.04826767
34,0.0009864499,0.004415228,0.003825343,0.006515566,0.004412677,0.003708198,0.04441108,0.06321693,0.06988964,0.04862021,0.0393464,0.09936025,0.01470718,0.05879664,0.001793871,0.002329757,0.06220198,0.02681202,0.123121,0.1513198,0.02776874,0.06724489,0.01347167,0.01561506,0.04610956
35,0.0009649923,0.004336786,0.003711254,0.006318991,0.004328215,0.003588208,0.04505253,0.06162115,0.06249873,0.04931495,0.03902695,0.09737451,0.01449735,0.05448212,0.001709689,0.002199401,0.05960178,0.02597472,0.119128,0.1474699,0.02756567,0.06851564,0.02146166,0.02453475,0.05472216
36,0.0009097663,0.004120488,0.003481506,0.005930833,0.004100238,0.003363862,0.05305709,0.06197779,0.05597056,0.05010578,0.03871253,0.09274748,0.01386193,0.04926459,0.001631714,0.002155926,0.05781578,0.0244726,0.1133742,0.1431898,0.03070022,0.07178777,0.02744035,0.02563051,0.06419668
37,0.0008236213,0.003775219,0.003177045,0.005417081,0.00374573,0.003073393,0.05438553,0.06395858,0.04968319,0.05121825,0.03853822,0.0873083,0.01283073,0.04535135,0.00162559,0.002354937,0.05835867,0.02263239,0.1089124,0.1401937,0.04473171,0.07324696,0.03228376,0.02373644,0.06863721
38,0.0007539933,0.003521382,0.002948514,0.005049311,0.003473478,0.002870646,0.04883974,0.06831782,0.04555826,0.05274564,0.03868496,0.08410452,0.01204504,0.04508476,0.001653998,0.002583639,0.05966066,0.02143109,0.1059644,0.1387515,0.06075379,0.07287309,0.03313513,0.02108004,0.0681147
39,0.0006859961,0.003290758,0.002739667,0.004733942,0.00322079,0.002704436,0.03839033,0.07128856,0.04219981,0.05403848,0.03862589,0.08177853,0.01129711,0.04807103,0.001693775,0.002828925,0.06119947,0.0203441,0.1033814,0.1374234,0.0777363,0.07123526,0.03495947,0.01967479,0.06645773
40,0.00062415,0.003094404,0.002561607,0.004486874,0.003002015,0.00258067,0.02893443,0.07356443,0.03915995,0.05633137,0.03857816,0.08040801,0.01062218,0.05519565,0.001728928,0.003037905,0.06236279,0.01936699,0.1009956,0.1354824,0.0911456,0.06809457,0.03626179,0.01837377,0.06400584
41,0.0005758003,0.0029595,0.002438674,0.004347357,0.002844785,0.002517731,0.02161811,0.07492283,0.03683567,0.05940009,0.03878507,0.08044698,0.01011325,0.06810732,0.001759881,0.003191666,0.0632307,0.01866368,0.09943145,0.1334424,0.09730936,0.06407249,0.0353592,0.0170764,0.06054958
42,0.0005659036,0.002996262,0.002463575,0.004470144,0.002854364,0.002589541,0.01679744,0.07646658,0.03701962,0.0632791,0.04022384,0.08394744,0.01012357,0.0891528,0.001803817,0.003247228,0.06415772,0.01896814,0.1004563,0.1330837,0.08835226,0.05946297,0.02799748,0.01492924,0.05459088
43,0.0005923108,0.003188183,0.002622309,0.004824913,0.003015957,0.002771117,0.01376419,0.07603151,0.03984992,0.06615968,0.04285708,0.0898882,0.01061657,0.1136595,0.001849156,0.003188242,0.06475582,0.0201403,0.1034904,0.1337945,0.07105355,0.05476256,0.01916754,0.01149984,0.04645659
44,0.0006438182,0.003477469,0.002864504,0.00532214,0.00327582,0.003008601,0.01314207,0.07265763,0.0445366,0.06700393,0.04639698,0.09660376,0.01140235,0.1363116,0.001876898,0.003052703,0.06488331,0.02177162,0.1072999,0.1343137,0.05032697,0.05023906,0.01285949,0.008554783,0.03817433
45,0.0007093796,0.003800093,0.003137426,0.005856297,0.003581425,0.003248189,0.01631447,0.06682374,0.04897134,0.06545787,0.05037303,0.1024189,0.01231733,0.1499819,0.001870458,0.002846524,0.0639967,0.02335914,0.1108802,0.1339851,0.03412993,0.04634972,0.009882613,0.007762787,0.03194537
46,0.0007583442,0.004005532,0.003316433,0.006196007,0.003796,0.003377998,0.02721528,0.05909017,0.05059773,0.06087985,0.0534174,0.1044156,0.01292752,0.149679,0.001808668,0.002623653,0.06180236,0.02396151,0.1121083,0.1316228,0.02503284,0.04435449,0.01189717,0.01258427,0.032531
47,0.0007374557,0.003845259,0.003195769,0.005966695,0.003678537,0.003218658,0.05996763,0.04985631,0.04803314,0.05273309,0.05333403,0.0980137,0.01249085,0.1314803,0.001669069,0.002445042,0.05795341,0.0223008,0.1074427,0.1251058,0.02263405,0.04601416,0.02117252,0.02275095,0.04395999
48,0.0006924305,0.003561827,0.002968436,0.005543302,0.003430729,0.00296094,0.1316928,0.04432424,0.04419668,0.04487133,0.05164152,0.08916356,0.01163372,0.111294,0.001528166,0.002307309,0.05412689,0.02027746,0.1006313,0.116841,0.01940649,0.04675575,0.02135168,0.02043608,0.04836231
49,0.0006808065,0.003484319,0.002877862,0.005404394,0.003365107,0.002870699,0.1683695,0.04166574,0.04167417,0.03870286,0.04985406,0.08533148,0.01143671,0.09882238,0.001470325,0.002197326,0.05309044,0.01944367,0.09816246,0.1153795,0.01755139,0.0505005,0.01989404,0.01835465,0.04941553
50,0.0006640799,0.003389474,0.002775005,0.005239832,0.003275121,0.002771863,0.1900011,0.04032552,0.03918141,0.03329407,0.04798874,0.08176442,0.01120086,0.08751267,0.001446055,0.002173464,0.05303687,0.01876327,0.0963798,0.1153121,0.01777229,0.05458775,0.0215736,0.01822095,0.05134959
51,0.0006403429,0.003265364,0.002650285,0.005031243,0.00314995,0.002653712,0.2093347,0.04126407,0.03712738,0.0287217,0.0463081,0.07801046,0.01087008,0.07724173,0.001432724,0.002171046,0.05296852,0.01811399,0.09429481,0.114859,0.01915839,0.05754188,0.02328039,0.01720628,0.05270378
52,0.000623219,0.003183295,0.002561343,0.004890014,0.00305906,0.00257477,0.2120949,0.04581979,0.0361936,0.02504891,0.0463006,0.07570969,0.01067181,0.06988049,0.001455005,0.002224265,0.05385076,0.0178494,0.09374323,0.116094,0.02227897,0.06023556,0.02443818,0.01578141,0.05343776
53,0.0006215921,0.003186808,0.00254187,0.004881858,0.003045539,0.002566886,0.1955994,0.05620847,0.03614065,0.02256457,0.04779577,0.07566927,0.01073627,0.06603175,0.00151372,0.002310416,0.05567138,0.01816168,0.09526923,0.1193772,0.02617487,0.06235517,0.02401614,0.01444325,0.05311631
54,0.0006439976,0.003315129,0.002621105,0.005063409,0.003148452,0.002656092,0.1604516,0.0747343,0.03668012,0.02203015,0.05013579,0.078516,0.01118132,0.06574993,0.00160247,0.002389581,0.05816926,0.0192157,0.0991298,0.1247035,0.02870851,0.06357662,0.02122642,0.01320236,0.05114839
55,0.0006916815,0.003566988,0.002795524,0.005427221,0.003368663,0.002834701,0.1213538,0.09580535,0.03712545,0.02362971,0.05227166,0.08391811,0.01199802,0.06788182,0.001697437,0.002404384,0.06049044,0.02092687,0.1045937,0.1307999,0.02816631,0.06340147,0.01666604,0.01137118,0.04681347
56,0.0007577375,0.003899876,0.003029462,0.005903096,0.003669423,0.003064723,0.09144685,0.1121635,0.03678853,0.02668569,0.05332503,0.09073324,0.01305341,0.07062275,0.001770143,0.002329316,0.06182854,0.02294926,0.1104154,0.1360474,0.02487453,0.06181102,0.01242583,0.009403426,0.0410018
57,0.0008099377,0.004152681,0.003198364,0.006247971,0.003903631,0.003225279,0.0752952,0.1184195,0.03520115,0.02939431,0.05219008,0.09558202,0.01386466,0.07072429,0.001785133,0.002205426,0.06163085,0.0242635,0.1138371,0.1383739,0.02173702,0.06042792,0.01264108,0.01158322,0.03930571
58,0.0008229223,0.004202995,0.00321195,0.006283016,0.003958047,0.003230169,0.07625497,0.1165885,0.03277036,0.03038134,0.04878362,0.0960835,0.01407507,0.06646489,0.00172825,0.002049841,0.05950862,0.02418807,0.1130191,0.1365718,0.02054093,0.06031416,0.01717356,0.01750753,0.04428679
59,0.0008140023,0.004146359,0.003143877,0.006156431,0.003911943,0.003154925,0.08804026,0.1140834,0.03057561,0.03046956,0.04472946,0.09447565,0.01395536,0.06091838,0.001659576,0.001939862,0.05751957,0.02353216,0.1105046,0.1339826,0.02040484,0.06156416,0.02008362,0.01979761,0.05043615
60,0.0007926077,0.004040003,0.003039287,0.00595886,0.003814642,0.003048392,0.09305999,0.1128085,0.02922642,0.02980709,0.0408011,0.09223844,0.01369761,0.05562293,0.001617644,0.001919857,0.056785,0.02273902,0.1081198,0.1329626,0.0229294,0.06478359,0.02324867,0.0208635,0.05607494
61,0.0007689864,0.003930302,0.00294499,0.00577542,0.003711232,0.002948186,0.09288344,0.114752,0.02899513,0.02949103,0.0377982,0.09063612,0.01344552,0.05181656,0.001613707,0.002054735,0.0570149,0.02243472,0.1067375,0.1331488,0.02769485,0.06684217,0.02405785,0.01998937,0.05851418
62,0.0007266784,0.003745744,0.002795221,0.005490498,0.003531567,0.002804356,0.0847647,0.1147082,0.02987575,0.02871029,0.03468375,0.08787618,0.01294935,0.0485036,0.001622077,0.002251012,0.05784464,0.02176475,0.1046533,0.1333978,0.03718038,0.0696042,0.02837051,0.0202668,0.06187867
63,0.0006885201,0.00359345,0.002668897,0.005259667,0.00337657,0.002690697,0.07823121,0.1148596,0.03226776,0.02827973,0.03217872,0.0860258,0.01251931,0.04730892,0.001645628,0.00245113,0.05884011,0.02133163,0.102887,0.1336734,0.04766192,0.07050262,0.02970392,0.01879545,0.06255833
64,0.0006684815,0.003541138,0.002616229,0.005181191,0.003311738,0.002654032,0.06872682,0.1142677,0.03677755,0.0284657,0.03039115,0.08654089,0.01238349,0.04901726,0.001695066,0.002644973,0.06038009,0.02149477,0.1027448,0.1353833,0.05520022,0.07013066,0.02783176,0.01732729,0.06062362
65,0.000669544,0.003597124,0.002643248,0.00526409,0.003347061,0.002695367,0.05861394,0.1111459,0.04502264,0.02894401,0.02949335,0.08942156,0.01257717,0.05313524,0.001756508,0.002792058,0.06201874,0.02226168,0.104081,0.138089,0.05664616,0.06868973,0.0241089,0.01604687,0.05693913
66,0.0006942961,0.003765993,0.00275292,0.005509616,0.0034891,0.002811787,0.05033423,0.1036443,0.059052,0.02953553,0.03005164,0.09450914,0.01312628,0.05860651,0.001815583,0.00285373,0.06326114,0.0236238,0.1066939,0.1412445,0.05127836,0.06630509,0.01921039,0.01421225,0.05161784
67,0.0007364363,0.004009224,0.00291635,0.005856713,0.003704861,0.00297156,0.04514387,0.09348394,0.07418007,0.02981211,0.03202657,0.1007694,0.01391725,0.06376005,0.001856075,0.002828016,0.06377146,0.02529864,0.1098396,0.1440262,0.04218652,0.06343118,0.01506424,0.01255439,0.04585492
68,0.0007811144,0.00424652,0.003075119,0.006185643,0.003923505,0.003116468,0.04516738,0.08289067,0.08441516,0.02926878,0.03455871,0.1063577,0.01470311,0.06667821,0.00185978,0.0027347,0.0632643,0.02674005,0.112221,0.1453515,0.03324659,0.06078871,0.01332018,0.01289438,0.04221075
69,0.000813233,0.004400627,0.003174059,0.006384014,0.004075612,0.003194146,0.05318699,0.07359361,0.08689064,0.02785911,0.03641026,0.1096618,0.01524769,0.06620978,0.001818088,0.002594359,0.06158573,0.02746024,0.1127674,0.1445245,0.02663313,0.05906505,0.01410719,0.01581494,0.04252801
70,0.0008029892,0.004327965,0.003111785,0.006251588,0.004024602,0.003111757,0.07072567,0.06590119,0.08131491,0.02544237,0.03623643,0.1077682,0.01508777,0.06141603,0.001726367,0.002466324,0.05897386,0.02667138,0.1096038,0.1406943,0.0237187,0.05971087,0.01932659,0.02208619,0.04949821
71,0.0007508406,0.00404543,0.002900772,0.005821545,0.003773438,0.002889321,0.09843062,0.06149354,0.07206082,0.02257486,0.03463211,0.101361,0.01424555,0.054236,0.001625588,0.002421433,0.0567005,0.02473366,0.1037396,0.1354075,0.02451856,0.06271999,0.02580137,0.02452614,0.05858969
72,0.0007346504,0.003956587,0.002826716,0.005668038,0.003691492,0.002802415,0.119824,0.06221073,0.06709816,0.02098394,0.03361631,0.09962734,0.01401421,0.05063761,0.001599743,0.002439798,0.0563553,0.02425687,0.1017966,0.1344725,0.02459254,0.06438216,0.02289221,0.02053444,0.05898568
73,0.0007148328,0.003871664,0.002747181,0.005530739,0.003607348,0.002728597,0.1138691,0.06322236,0.06331995,0.01989654,0.03245127,0.09864942,0.01378872,0.04810977,0.001625864,0.002560147,0.05773886,0.02400125,0.1015082,0.1366802,0.0289352,0.0681726,0.02470493,0.0206976,0.06086767
74,0.0006949371,0.003793229,0.002672206,0.005404366,0.003523951,0.00266156,0.1083208,0.06639487,0.06003382,0.01987374,0.03120993,0.09790796,0.01356189,0.0463915,0.001654376,0.002659782,0.05878927,0.02385973,0.1009919,0.1381664,0.03370832,0.07014731,0.02570596,0.02011482,0.06175746
75,0.0006822613,0.003761297,0.002629637,0.005346771,0.003479495,0.002629144,0.09589622,0.07195896,0.05771343,0.02110809,0.03032283,0.09842677,0.01347401,0.0460497,0.001699292,0.0027671,0.0601659,0.02404823,0.1012531,0.14038,0.03867849,0.07127956,0.0254884,0.01929691,0.06146445
76,0.0006759595,0.003769209,0.002614313,0.005347926,0.003469489,0.002625225,0.07895591,0.07884215,0.05608737,0.02403249,0.02983905,0.09997614,0.01350257,0.04686172,0.001749507,0.002860437,0.06154203,0.02447883,0.1019391,0.1427815,0.04283493,0.07152784,0.02462946,0.01871948,0.06033723
77,0.0006607976,0.0037347,0.002570214,0.005293577,0.003420431,0.002595647,0.06149794,0.08391793,0.05412943,0.02955446,0.02923998,0.1005603,0.01337887,0.04775441,0.001781808,0.002935336,0.06239326,0.02456763,0.1015714,0.1437914,0.04773159,0.07133661,0.02579547,0.01943536,0.06035145
78,0.0006621519,0.003787016,0.002584667,0.005361306,0.003450332,0.002621358,0.04923901,0.08822892,0.05272422,0.03960577,0.02926737,0.1030786,0.01352342,0.0500099,0.001814157,0.002950793,0.06289853,0.02517489,0.1019934,0.1449478,0.04798636,0.06967255,0.02279287,0.01793177,0.05769283
79,0.0006913859,0.003984161,0.002694872,0.0056275,0.003612895,0.002736305,0.03993247,0.09074767,0.05209224,0.0515264,0.02995342,0.10884,0.01413881,0.05365737,0.001855315,0.002900518,0.06328642,0.026652,0.1042902,0.1473471,0.04328961,0.06707936,0.01704889,0.01455562,0.05145958
80,0.0007337566,0.004242427,0.002842294,0.0059711,0.003834249,0.002881934,0.03441397,0.09008385,0.0512993,0.06130172,0.03058345,0.1156745,0.01494579,0.05715611,0.001879283,0.002799733,0.06319338,0.02837752,0.1069472,0.1494218,0.03626781,0.06422137,0.01321408,0.0125494,0.04516402
81,0.0007279763,0.00422547,0.002808588,0.005928405,0.003817767,0.002846282,0.03304564,0.08391714,0.04801606,0.06491061,0.0295864,0.1154711,0.01488487,0.05579381,0.001817878,0.002676373,0.0612031,0.02801696,0.1047569,0.1465283,0.03494998,0.06364511,0.01968332,0.02085928,0.04988267
82,0.0007026433,0.004099092,0.002704126,0.005733714,0.003702717,0.002740389,0.04038642,0.08011293,0.04534931,0.06550762,0.02820545,0.1125459,0.01447203,0.05284571,0.00174626,0.002597923,0.0593629,0.02694149,0.1011817,0.1427972,0.03636264,0.06471617,0.0242507,0.0236258,0.05730917
83,0.0006677896,0.00393137,0.002574867,0.005487663,0.003545834,0.00261479,0.04537106,0.07813478,0.04362539,0.06423356,0.02650427,0.109003,0.01393061,0.05029691,0.001706489,0.00262563,0.05885947,0.02573585,0.09791991,0.14064,0.04178469,0.06725832,0.02751597,0.02363859,0.06239339
84,0.0006529646,0.003884394,0.002523924,0.005411678,0.003491125,0.002568789,0.04688544,0.07923273,0.04331325,0.06355715,0.02541146,0.1086992,0.01376684,0.0502727,0.001714184,0.002690296,0.05949141,0.0254903,0.09684578,0.1410958,0.04562094,0.06854888,0.02549345,0.02115777,0.06217961
85,0.0006444668,0.003867415,0.002498503,0.005382377,0.003460914,0.002544576,0.04345091,0.07921448,0.04317776,0.06224156,0.02445377,0.1094266,0.01371033,0.05158864,0.001743903,0.002666848,0.060685,0.02456029,0.09657156,0.142598,0.0498078,0.06933887,0.02471441,0.02048145,0.06116955
86,0.0006181222,0.003753288,0.002412751,0.005226324,0.003344845,0.002464795,0.03896317,0.07707012,0.04362964,0.0592721,0.02409505,0.107796,0.01332972,0.0523727,0.001752791,0.002666669,0.06130032,0.02314442,0.09467217,0.1421881,0.05681238,0.06992086,0.02837223,0.02198039,0.06284101
87,0.0005990154,0.003684018,0.002356325,0.005138201,0.003267649,0.002416588,0.03594827,0.07556322,0.04631184,0.05666656,0.02526539,0.1073641,0.0130797,0.05476416,0.001771145,0.002670921,0.06196421,0.02215894,0.09331882,0.1420511,0.06163429,0.06940725,0.02862462,0.02111416,0.06285945
88,0.0006013855,0.003740441,0.002379545,0.005227551,0.003300352,0.002446768,0.03190116,0.07418808,0.05101601,0.0545267,0.02867291,0.1101367,0.01323031,0.05973164,0.001813111,0.002663117,0.06304941,0.02202399,0.09378325,0.1436779,0.06089853,0.06803099,0.02456898,0.01886316,0.05952802
89,0.0006132018,0.003847143,0.002434429,0.005388201,0.003378093,0.002505217,0.02738816,0.07135341,0.05545858,0.05174638,0.03512581,0.1139194,0.01353793,0.06546069,0.001849631,0.002626206,0.06386771,0.02217752,0.0946534,0.1452968,0.05684624,0.0662073,0.02122173,0.01762285,0.05547391
90,0.0006354064,0.004002246,0.002519151,0.005612481,0.003501246,0.002586332,0.02455944,0.06854878,0.05840108,0.04816502,0.04610649,0.1183765,0.014005,0.07074212,0.001867557,0.002525402,0.06388575,0.02252971,0.09563737,0.1462613,0.0499415,0.06376472,0.01808064,0.01652373,0.05122095
91,0.0006824987,0.004286841,0.002681813,0.006005556,0.003741844,0.002734714,0.02408625,0.06714677,0.06005341,0.04519736,0.05871166,0.1254783,0.01490388,0.07587557,0.001879465,0.002342458,0.06324425,0.02345281,0.09794524,0.1476583,0.04048864,0.06050622,0.01315849,0.01308028,0.04465739
92,0.0007355748,0.004588091,0.002850982,0.006409584,0.004003169,0.002880303,0.02591879,0.06493082,0.05937816,0.04234176,0.0680004,0.1323343,0.01585945,0.07912286,0.001867249,0.002151293,0.0622125,0.0242696,0.1000903,0.1483952,0.03144732,0.05777812,0.01075029,0.01209469,0.03958913
93,0.0008012184,0.004939851,0.00304649,0.006864722,0.004319571,0.003041885,0.03349394,0.06248437,0.05764334,0.03992591,0.07282606,0.1398413,0.01700422,0.08036689,0.001830579,0.001910626,0.06021962,0.0250793,0.1024961,0.148423,0.02367548,0.05489769,0.008677259,0.01102869,0.03516193
94,0.0008513086,0.005180287,0.003170315,0.007150067,0.004551322,0.003126257,0.04618081,0.05880125,0.05429424,0.03723529,0.0721932,0.1441137,0.01781523,0.07798453,0.001751337,0.001681319,0.05738955,0.02509741,0.1031282,0.1464279,0.0181043,0.05346204,0.009697864,0.01473019,0.03588211
95,0.0008614351,0.005179344,0.003147573,0.007095273,0.004580268,0.0030657,0.06223651,0.05453245,0.04994539,0.0344658,0.06749696,0.142288,0.01788143,0.07131826,0.001629844,0.001488055,0.05389464,0.0238962,0.100628,0.1419619,0.01523856,0.05483999,0.01446341,0.02318328,0.04468171
96,0.0008066878,0.004819831,0.002914019,0.006559107,0.004286873,0.002808343,0.07647695,0.05105928,0.04589767,0.03173782,0.06138818,0.1321079,0.01681457,0.06090514,0.001501336,0.00141199,0.05131732,0.02135512,0.09457606,0.1364477,0.01658691,0.06175345,0.0246028,0.03056062,0.06130437
97,0.0006803513,0.004057051,0.002472241,0.005545726,0.00362825,0.002361057,0.1011638,0.05065375,0.04187772,0.03037571,0.05647772,0.1148313,0.01438789,0.04925781,0.001449077,0.001624772,0.05164884,0.01761699,0.08756045,0.1299389,0.0310165,0.06778182,0.03547169,0.02649533,0.0716252
98,0.000593813,0.003566348,0.002189942,0.0049171,0.003189789,0.002090329,0.1031929,0.05519291,0.04093672,0.03103792,0.05257852,0.1052169,0.0127745,0.04548083,0.001482286,0.001925871,0.05367621,0.01558737,0.08416821,0.1275604,0.05584912,0.06909332,0.03668552,0.02054092,0.07047222
99,0.0005345878,0.003270799,0.002024094,0.004577396,0.002915828,0.001952584,0.07868882,0.06097541,0.04142604,0.0333842,0.04916859,0.1017258,0.01174669,0.04937308,0.001572881,0.002272995,0.05705895,0.01457831,0.08370028,0.1285188,0.08063398,0.06814589,0.0366945,0.01808097,0.06697853
100,0.0005341167,0.003319758,0.002067607,0.004721475,0.002943233,0.002006604,0.05617076,0.070918,0.0440243,0.03831067,0.04829817,0.1072207,0.01182669,0.06254036,0.001688889,0.002438184,0.06011677,0.01504626,0.0866503,0.1322033,0.08155767,0.06435512,0.02706342,0.0148315,0.05914616
101,0.0005767731,0.003613226,0.002259711,0.005213087,0.003181519,0.002185756,0.03734589,0.08069336,0.04710369,0.04408666,0.04929626,0.1185074,0.0126738,0.08255217,0.001811701,0.002463769,0.06307254,0.01649179,0.09187543,0.1372613,0.06567907,0.05967417,0.01604933,0.009185019,0.04714669
102,0.0006366414,0.003977934,0.002496075,0.005796728,0.003490419,0.002386843,0.02524052,0.08579053,0.04940026,0.04829378,0.05119064,0.1298915,0.01377614,0.1005456,0.001882694,0.002337429,0.064096,0.01791961,0.09652107,0.1404313,0.0472996,0.05456692,0.009628939,0.005761206,0.03664168
103,0.0007064308,0.004358551,0.002740383,0.006379711,0.0038272,0.002571683,0.02024646,0.08625524,0.05092253,0.05016201,0.0534571,0.1394048,0.01497296,0.1111363,0.001889041,0.002095145,0.06299326,0.01901047,0.1000431,0.1410964,0.03320605,0.0496642,0.007736948,0.005672416,0.0294517
104,0.0007840075,0.004747258,0.002985365,0.006946733,0.004187502,0.002737769,0.02227006,0.08367663,0.05149471,0.05027184,0.05529087,0.1475082,0.01623671,0.1150021,0.001850105,0.001816072,0.0606962,0.01975109,0.1029952,0.1403851,0.02329757,0.04563459,0.007030419,0.006694826,0.02570917
105,0.0008566359,0.005077828,0.00318916,0.007402434,0.004514835,0.00285443,0.03296174,0.07865053,0.05039714,0.04886837,0.05536137,0.1531627,0.01735186,0.1130252,0.001771983,0.001550874,0.057602,0.01993862,0.1049017,0.1383683,0.01639744,0.04304652,0.007468636,0.009553231,0.02572654
106,0.0008890968,0.005163023,0.003237593,0.007483837,0.004639894,0.002830604,0.05569039,0.07073593,0.04733171,0.04563337,0.0526955,0.1520146,0.01770716,0.1036603,0.001642548,0.001333911,0.05368094,0.01904461,0.1034813,0.1337428,0.01223484,0.04311502,0.01092918,0.0179658,0.03311608
107,0.0008444129,0.004830325,0.00302881,0.006964721,0.004390332,0.00259603,0.08080183,0.06220196,0.04294457,0.0412889,0.04812565,0.1406859,0.01673758,0.08700633,0.001490262,0.001237006,0.0503218,0.01686035,0.0977276,0.1276828,0.01209078,0.04897844,0.01982724,0.03005134,0.05128507
108,0.0007113473,0.004052809,0.002547549,0.00583188,0.003710276,0.0021592,0.1207375,0.05560421,0.0383655,0.03702153,0.04269915,0.1192503,0.01428636,0.06649328,0.001365293,0.001332575,0.04884887,0.01380579,0.08822395,0.1206718,0.01862927,0.05974406,0.03344892,0.03113161,0.069327
109,0.0006492375,0.003722249,0.002322018,0.005301636,0.003395339,0.001957873,0.1487399,0.05509315,0.03752327,0.03461058,0.03945288,0.1087743,0.01322185,0.0567234,0.001320895,0.001267558,0.04897633,0.01318768,0.08271499,0.1196115,0.02496587,0.06816502,0.03272523,0.02368393,0.07189345
110,0.0006072469,0.003536251,0.0021893,0.004992878,0.00319754,0.001844718,0.1309419,0.05605567,0.03774058,0.03339785,0.03813984,0.1035934,0.01265062,0.05186009,0.001392332,0.001370851,0.05269056,0.01342504,0.08161525,0.124899,0.03873775,0.07713735,0.03459731,0.02027714,0.07310958
111,0.0005768063,0.003429663,0.002104193,0.004804172,0.003064896,0.001777229,0.1082885,0.06007158,0.03945443,0.03288694,0.0384694,0.1009648,0.01229294,0.0505911,0.001489506,0.001477489,0.0561318,0.01410493,0.08114284,0.1295629,0.05389778,0.08073387,0.03403178,0.01771044,0.07093999
112,0.0005645646,0.00343641,0.002086613,0.004781564,0.00303158,0.001770499,0.08075596,0.06720414,0.04298482,0.0329036,0.0403434,0.1016594,0.01227293,0.05307607,0.001604089,0.001560462,0.05935866,0.01523886,0.08179395,0.1344471,0.06440868,0.08094202,0.03077283,0.01622959,0.06677227
113,0.000554448,0.003460079,0.002079589,0.004792158,0.003015148,0.0017758,0.05370184,0.07455269,0.04649747,0.03273022,0.04221062,0.1029277,0.01228801,0.05745683,0.001704103,0.001619132,0.06182351,0.01631586,0.08210861,0.138023,0.07132975,0.07940567,0.02954994,0.01655057,0.06352723
114,0.0005461527,0.003490751,0.002078245,0.004821822,0.003008616,0.001786814,0.03639517,0.07897231,0.04909657,0.03268988,0.04328595,0.1042868,0.01231445,0.06295298,0.001778106,0.00164173,0.06332245,0.0172387,0.08192927,0.1400553,0.07394812,0.076786,0.02884445,0.01733999,0.06138938
115,0.0005737852,0.003726528,0.002196288,0.005133376,0.003179034,0.0018941,0.02915365,0.08317064,0.05206577,0.03391809,0.04473412,0.1106539,0.01299353,0.07165449,0.001866474,0.001573036,0.06473302,0.01902189,0.08422059,0.1439583,0.06590979,0.07324986,0.02124505,0.01414223,0.05503232
116,0.000601784,0.003954218,0.002309315,0.005435408,0.003344705,0.001993529,0.02657595,0.08267881,0.05229277,0.03421757,0.04443239,0.116279,0.01363755,0.0793616,0.00192452,0.001497442,0.06566305,0.02057938,0.08598651,0.1468054,0.05673138,0.07030845,0.01848215,0.01437993,0.05052708
117,0.0006330631,0.004180966,0.002422104,0.005732467,0.003515116,0.002086216,0.03179681,0.08047905,0.05054946,0.03367987,0.04312684,0.1211139,0.01429332,0.08414422,0.001942473,0.001371462,0.06531247,0.02190223,0.08722081,0.1480516,0.0478216,0.06750442,0.01723589,0.01562492,0.0482587
118,0.0006669944,0.004405043,0.002532455,0.006019779,0.003687743,0.002170588,0.0451347,0.07791059,0.04722856,0.0327345,0.04124056,0.1252653,0.01494849,0.08627065,0.001931488,0.001226582,0.06422163,0.02302176,0.08809111,0.1482863,0.03906127,0.06509,0.01580744,0.01625904,0.04678748
119,0.0007025926,0.004620434,0.002636,0.00628675,0.003857022,0.002243269,0.0666687,0.07514109,0.0429984,0.0314893,0.03918181,0.128686,0.01557843,0.08595265,0.001895131,0.001072931,0.06248884,0.02393838,0.08855454,0.1475135,0.03046921,0.06285883,0.01402916,0.01610899,0.04502804
120,0.0007068153,0.004624072,0.002621491,0.006263777,0.003855394,0.002213251,0.0939735,0.07016681,0.03789289,0.02916312,0.03643523,0.1265451,0.01556105,0.08031269,0.001802212,0.0009453372,0.0596418,0.02363824,0.08616498,0.1435042,0.02499241,0.06222434,0.01700109,0.02104356,0.04870676
121,0.0006762508,0.00441289,0.002487303,0.005938811,0.003672399,0.002083869,0.1266434,0.06598838,0.03379557,0.02643101,0.03335455,0.1188733,0.014865,0.07061462,0.001668451,0.0008625081,0.05609913,0.02245696,0.08096055,0.1369827,0.0222339,0.06413283,0.02258256,0.02542812,0.05675499
122,0.0006402053,0.00417835,0.002344343,0.005588884,0.003463975,0.001949146,0.1471755,0.06373158,0.03304132,0.02467987,0.03132951,0.1113982,0.01412215,0.06195446,0.001588528,0.000849358,0.05457464,0.02137201,0.07666094,0.133315,0.02306157,0.06819509,0.02656679,0.02485314,0.06336554
123,0.0006136546,0.004016713,0.002244034,0.005341303,0.00330895,0.001852695,0.153353,0.06448675,0.03483398,0.0247693,0.03037416,0.1063917,0.01361757,0.05594696,0.001570725,0.0008871524,0.05481685,0.02090019,0.07410598,0.132799,0.02632675,0.07224312,0.02743245,0.02219461,0.06557246
124,0.0005977406,0.003937752,0.002191041,0.005208932,0.003217187,0.001798588,0.1361817,0.06723796,0.03913179,0.02684131,0.03029536,0.1040179,0.01338474,0.05249486,0.001609879,0.0009723885,0.05665622,0.02102666,0.07331098,0.13536,0.03259988,0.07643161,0.02849619,0.02038846,0.06661097
125,0.000582083,0.003872925,0.002146471,0.005101194,0.00313486,0.001755103,0.1118402,0.07028122,0.04452671,0.02951267,0.03044651,0.1023923,0.01318925,0.05056715,0.001668536,0.00108196,0.05878801,0.02131001,0.07281571,0.1381814,0.0413028,0.07933755,0.0300405,0.01909807,0.06702685
126,0.0005848384,0.003931768,0.002167603,0.005157487,0.003150753,0.001767083,0.08933639,0.07612583,0.04894187,0.03235457,0.0312186,0.1039167,0.01335698,0.05132238,0.00174832,0.00117154,0.06096546,0.02229718,0.07350804,0.1419176,0.04694855,0.07983924,0.02695998,0.01708979,0.06422135
127,0.0006097151,0.004133909,0.002264013,0.005399521,0.003280164,0.001839699,0.06814855,0.08392029,0.05137578,0.03478636,0.03233313,0.1088561,0.0139542,0.05432399,0.001842448,0.001217364,0.06313041,0.02404062,0.07556199,0.1468514,0.04764988,0.07895246,0.02174078,0.01493662,0.05885054
128,0.0006460074,0.004403342,0.002393951,0.00572503,0.003463876,0.001937165,0.05390995,0.09011429,0.05167742,0.03584722,0.03298856,0.1151236,0.0147442,0.05783119,0.001917673,0.001208523,0.06448296,0.02602041,0.07781999,0.151087,0.04453212,0.07702956,0.01792555,0.01382522,0.05334503
129,0.0006857725,0.004682123,0.00252657,0.006056544,0.003658608,0.002033196,0.048055,0.09362265,0.05033799,0.03530791,0.03280324,0.1211995,0.01555848,0.0603762,0.001954726,0.001148506,0.06461216,0.02782638,0.0795991,0.1536237,0.0396778,0.07467829,0.0160817,0.01424313,0.04965067
130,0.0007261271,0.004949429,0.002650905,0.006365582,0.003849178,0.002118458,0.04969704,0.09479143,0.04821058,0.03333382,0.03212003,0.1266078,0.01634005,0.06149209,0.001954945,0.001054556,0.06371161,0.02932751,0.08082805,0.154617,0.03441983,0.07245935,0.01516104,0.01534577,0.04786771
131,0.0007436281,0.005055961,0.002690682,0.006465386,0.003920987,0.002133429,0.05717798,0.09232573,0.04532856,0.02997158,0.03064701,0.1280417,0.01664484,0.05978096,0.001902799,0.0009624695,0.06177284,0.02968221,0.08008639,0.1528789,0.03112769,0.07166298,0.0178869,0.01990297,0.0512055
132,0.0007142439,0.004854565,0.002573051,0.006178477,0.003758334,0.002023791,0.07250769,0.08667143,0.04228801,0.02585825,0.02834391,0.1224224,0.01603171,0.05452895,0.001798421,0.0009047401,0.05912045,0.02820008,0.07617516,0.1476445,0.0316638,0.07340449,0.02554855,0.0258057,0.06097929
133,0.0006585511,0.004487,0.002377205,0.005717437,0.003469533,0.001858259,0.09428162,0.08172896,0.0413414,0.0226642,0.02634998,0.1142757,0.01493384,0.04925333,0.001732272,0.001034354,0.05801219,0.02573647,0.07188774,0.1425138,0.03768983,0.07475636,0.0305416,0.02505433,0.06764404
134,0.0006109636,0.004191251,0.002221378,0.0053559,0.00323205,0.001730627,0.1005963,0.07987248,0.04137891,0.02180647,0.02519509,0.108395,0.01405355,0.04646834,0.001725471,0.001246082,0.05870447,0.02397256,0.06905199,0.1405829,0.04804706,0.0764707,0.03274173,0.02256082,0.06978797
135,0.0005733016,0.003977708,0.002109655,0.005108032,0.003055661,0.001643772,0.09246006,0.07884676,0.04312854,0.02307654,0.02536135,0.10494,0.01340895,0.04644171,0.001761738,0.001519755,0.06046922,0.02286023,0.06740103,0.1406753,0.06047369,0.07721498,0.03368093,0.02044167,0.06936942
136,0.00054099,0.003811562,0.002023465,0.004930615,0.002915952,0.001582422,0.07737927,0.0780891,0.04588293,0.02645356,0.02671289,0.1029348,0.01288623,0.04892331,0.001812556,0.001818416,0.06237629,0.02207728,0.06619611,0.1410473,0.07215647,0.07644878,0.03424959,0.0190279,0.06772234
137,0.0005239189,0.003751803,0.001993029,0.004897783,0.002857924,0.001566818,0.06233682,0.07876315,0.04915364,0.03131764,0.02870563,0.1035595,0.01267055,0.05459706,0.001874238,0.002083361,0.06420217,0.02189523,0.0658428,0.1420513,0.07726186,0.07417908,0.03176857,0.01774582,0.06440018
138,0.000537929,0.003897153,0.002068992,0.005133008,0.002954352,0.00163044,0.04970605,0.08147471,0.05396347,0.03572661,0.03121367,0.1088327,0.01308005,0.06391605,0.001957415,0.00224828,0.06613057,0.02284455,0.06728812,0.14511,0.07150202,0.0709999,0.02453076,0.01515418,0.05809901
139,0.0005787548,0.00421065,0.002231059,0.005584975,0.003177534,0.001753895,0.04008405,0.08364627,0.05972666,0.03844221,0.03359446,0.1174268,0.01400797,0.07466847,0.002039734,0.002289291,0.06757731,0.02461084,0.06996102,0.1490438,0.05941598,0.06727658,0.01718843,0.01175796,0.04970523
