"<HEADER software/>"
EwEVersion,"6.7.0.17868 (compiled 5/31/2022)"
Date,"8/7/2023 5:44:24 PM"
"<HEADER ecopath/>"
ModelName,1
"<HEADER ecosim/>"
EcosimScenario,sim-spa_01
TimeSeries,TS_updated_IB13
StartYear,1980
"<HEADER end/>"

Data,"Prey of Vermilion snapper"

timestep\group,"Pelagic coastal piscivores",Amberjack,Cobia,"Vermilion snapper","Oceanic piscivores","Demersal coastal invertebrate feeders","Benthic coastal invertebrate feeders",Sardine-herring-scad,Cephalopod,"Pink shrimp","Brown shrimp","White shrimp",Crab,"Sessile epifauna","Mobile epifauna",Zooplankton,Infauna,Algae,Detritus,
1,0.0002910813,0.0004602764,0.0004291757,1.539246E-05,0.002441078,0.00544182,0.008338318,0.01579206,0.07039306,0.00307897,0.002575654,0.02455288,0.03544953,0.07827398,0.1372275,0.3148543,0.1446206,0.02434464,0.1314197
2,0.0002628284,0.0004177932,0.0003861042,1.404867E-05,0.002205461,0.004966298,0.007616637,0.01435314,0.06743219,0.002964374,0.002566364,0.02354438,0.03102132,0.07412503,0.1291977,0.3437404,0.1368701,0.02710862,0.1312072
3,0.0002162598,0.0003446987,0.0003155843,1.172091E-05,0.001816355,0.004158388,0.006412537,0.01200867,0.06214118,0.002713358,0.002480793,0.02157151,0.02508011,0.06642374,0.1152487,0.3961644,0.1252379,0.03072647,0.1269274
4,0.0001954076,0.0003117945,0.0002827044,1.078828E-05,0.001643498,0.003832858,0.005962369,0.01109132,0.06744938,0.002687395,0.002516871,0.021223,0.02252602,0.06478233,0.1106764,0.4188583,0.1180474,0.02807643,0.1198257
5,0.0001920086,0.0003063526,0.000275039,1.081831E-05,0.001618798,0.003839596,0.006032756,0.01113637,0.08148047,0.002817335,0.002640469,0.02205183,0.02211204,0.06759144,0.1126312,0.4127619,0.1152858,0.02379486,0.1134209
6,0.0002102194,0.0003356228,0.0002984322,1.205169E-05,0.001778572,0.004253349,0.006730754,0.01231573,0.1039044,0.00311289,0.002829536,0.02405648,0.02394984,0.07540336,0.1215002,0.3746836,0.1168414,0.01907456,0.1087091
7,0.0002444511,0.0003910233,0.000344488,1.419125E-05,0.002077131,0.004960753,0.007878828,0.0142812,0.130246,0.00349743,0.003046914,0.0267522,0.02716848,0.08655606,0.1343031,0.3154077,0.1211931,0.01600641,0.1056306
8,0.0002828881,0.0004540534,0.0003964488,1.654282E-05,0.002414852,0.005719248,0.009082825,0.0163062,0.1503107,0.003821794,0.00320613,0.02910973,0.03023469,0.09747646,0.1459266,0.2566198,0.1262004,0.01563521,0.1067853
9,0.0003316316,0.000535312,0.000463369,1.944555E-05,0.002842655,0.006635362,0.01048969,0.01866737,0.1637855,0.004111301,0.003281856,0.03113847,0.03354641,0.1090086,0.1576786,0.2027992,0.1312007,0.01472588,0.1087386
10,0.000386932,0.0006292618,0.0005400677,2.269621E-05,0.003327821,0.0076318,0.01197565,0.02116482,0.1706608,0.004348896,0.003315054,0.03287605,0.03672079,0.1205348,0.1689809,0.1532752,0.137342,0.01421609,0.1120503
11,0.0004315115,0.0007079941,0.0006024613,2.528669E-05,0.003720663,0.008382685,0.01302857,0.02291112,0.1656453,0.004425494,0.00327826,0.03360511,0.03826663,0.1283637,0.1758139,0.1168335,0.1447257,0.01619467,0.1230377
12,0.00051103,0.0008479994,0.0007155301,2.989592E-05,0.004411936,0.009730891,0.01493045,0.02619927,0.1668431,0.004617501,0.003190119,0.03481133,0.04196993,0.1415762,0.1880359,0.07895685,0.1495511,0.01252979,0.1205412
13,0.0005840303,0.0009856866,0.0008227824,3.409418E-05,0.00505744,0.01086434,0.01657918,0.02915379,0.1527638,0.004490422,0.003022421,0.03431933,0.04195576,0.1450508,0.1900937,0.05677862,0.1590037,0.01669333,0.1317468
14,0.0005733945,0.0009846992,0.0008127926,3.341053E-05,0.004977866,0.01046142,0.01585823,0.02798614,0.1276554,0.004132968,0.002782546,0.03213979,0.03852494,0.1391771,0.1829704,0.04979895,0.1715848,0.02548258,0.1640626
15,0.000564473,0.0009863405,0.0008051443,3.286615E-05,0.004911006,0.0101232,0.01524649,0.02703638,0.107919,0.003923131,0.002676116,0.03101059,0.03605255,0.1354772,0.1797742,0.04754827,0.1861971,0.02721981,0.1824961
16,0.0005128392,0.0009106915,0.0007352111,2.986303E-05,0.004470106,0.009102687,0.0136387,0.02430352,0.08556761,0.003674519,0.002652186,0.02961825,0.03186178,0.1264563,0.1723202,0.05902835,0.2025434,0.03394694,0.1986268
17,0.0004307222,0.0007757466,0.0006196872,2.511339E-05,0.003759401,0.007622479,0.01139159,0.02038564,0.06435131,0.003416029,0.0026795,0.02788202,0.02680679,0.1136832,0.1600815,0.0980261,0.2111603,0.04217099,0.2047319
18,0.0003663576,0.0006681585,0.0005285472,2.14375E-05,0.003199721,0.006492345,0.009696417,0.01742362,0.05111558,0.003265329,0.00270045,0.0264381,0.02347262,0.103761,0.149251,0.1727412,0.2037061,0.03869988,0.1864521
19,0.0003242737,0.0005981464,0.000468817,1.910084E-05,0.00283246,0.005772478,0.00863087,0.01557527,0.04465213,0.003200967,0.002691407,0.02541206,0.02170934,0.09728116,0.1415527,0.248493,0.1888595,0.03125672,0.1606695
20,0.0003193263,0.0005958611,0.000462918,1.897275E-05,0.002788746,0.005701482,0.008533467,0.0154758,0.0448369,0.003317303,0.002717176,0.02563685,0.02222767,0.09804373,0.1425737,0.2849929,0.1785261,0.023733,0.1394982
21,0.0003393905,0.0006411436,0.0004938034,2.034864E-05,0.002963376,0.006057361,0.009068185,0.01653718,0.04886415,0.003543706,0.002767114,0.02669633,0.02419074,0.1037019,0.1495411,0.28805,0.1733662,0.01877108,0.1243868
22,0.0003484357,0.0006665457,0.0005088765,2.106466E-05,0.003042346,0.006212488,0.009298507,0.01704934,0.05103159,0.003623698,0.002743583,0.02692095,0.02506747,0.1060017,0.1520926,0.2847016,0.1681945,0.02035888,0.1221159
23,0.000370598,0.000718713,0.0005438972,2.255938E-05,0.003236825,0.006578072,0.00982597,0.0181207,0.05376904,0.003732503,0.002707544,0.02736978,0.02652352,0.110471,0.1571904,0.2693749,0.1663998,0.01975176,0.1232923
24,0.0003603457,0.0007081559,0.0005310602,2.207281E-05,0.003149331,0.006383643,0.009520341,0.01764926,0.05164775,0.00359956,0.002600447,0.02642742,0.02559373,0.1074007,0.1532284,0.2708803,0.1633188,0.02417039,0.1328084
25,0.0003933096,0.0007717877,0.0005741063,2.404636E-05,0.003445559,0.006926563,0.01034869,0.01936292,0.04746519,0.003365426,0.002426854,0.0249659,0.02420106,0.1013809,0.147248,0.2636978,0.1669113,0.03215007,0.1443406
26,0.0003690519,0.0007228319,0.0005334409,2.253821E-05,0.003241592,0.006482916,0.009710944,0.01833607,0.04358388,0.00319147,0.002337047,0.02393826,0.02285461,0.09558152,0.1421348,0.2719899,0.1708415,0.03402174,0.1501059
27,0.0003428301,0.0006698588,0.0004905945,2.093385E-05,0.003019529,0.006026777,0.009059486,0.01725926,0.04036872,0.003065132,0.002295626,0.02316861,0.02164859,0.09005213,0.1374564,0.2884586,0.172551,0.03453111,0.149515
28,0.0003357087,0.0006544504,0.000475891,2.051576E-05,0.002965441,0.005908476,0.00891549,0.01714231,0.03990166,0.003087127,0.002324324,0.02329162,0.02177569,0.08876222,0.1381554,0.2957512,0.174606,0.03137308,0.1445533
29,0.0003206194,0.0006232997,0.0004501813,1.961768E-05,0.00284047,0.005662676,0.008583463,0.01664642,0.03892533,0.003069379,0.00233841,0.02311653,0.02144808,0.08592705,0.1365817,0.306747,0.1738729,0.03201319,0.1408137
30,0.0003218428,0.0006242283,0.0004480385,1.972119E-05,0.002860291,0.005697624,0.008673563,0.01696817,0.03989627,0.003153594,0.002385549,0.02354822,0.02216501,0.08642314,0.1392285,0.3055891,0.1745256,0.02995189,0.1375197
31,0.0003418599,0.0006621068,0.0004724737,2.097412E-05,0.003048831,0.006050437,0.009243534,0.01824592,0.04284402,0.003345149,0.002463755,0.02465166,0.02408884,0.09059966,0.1467127,0.2915016,0.177733,0.02578796,0.1321856
32,0.0003699033,0.0007160708,0.0005081533,2.270665E-05,0.003311796,0.006528349,0.009999949,0.01991867,0.04609865,0.003546162,0.002523019,0.02580931,0.02641589,0.09583306,0.1552594,0.2703781,0.1814109,0.0234018,0.1279483
33,0.0004130246,0.0008005045,0.0005649846,2.534587E-05,0.003714688,0.00724085,0.01110349,0.02233048,0.04987882,0.003772773,0.002548774,0.02706174,0.02951429,0.1031608,0.1659089,0.2416686,0.1857718,0.02068234,0.1238378
34,0.0004555665,0.0008851893,0.0006212682,2.79276E-05,0.00411837,0.007916659,0.01213893,0.02465706,0.05226989,0.003915914,0.002514085,0.02780439,0.03223195,0.1093479,0.1743113,0.2134986,0.1895111,0.02029067,0.1234832
35,0.0004378383,0.0008528436,0.0005949841,2.678755E-05,0.003979344,0.007569385,0.0116023,0.02377726,0.04738837,0.003651553,0.002322162,0.02606675,0.03055109,0.1035168,0.166208,0.2073346,0.1888985,0.03185713,0.1433642
36,0.0003955833,0.000771542,0.0005350961,2.415194E-05,0.003613374,0.006828215,0.01047158,0.02163811,0.04093101,0.003328927,0.002174312,0.02415316,0.02749512,0.09410468,0.154156,0.2205438,0.1890335,0.03916817,0.1606338
37,0.0002909411,0.0005736555,0.0003947838,1.791466E-05,0.002673916,0.005089425,0.007812087,0.01619549,0.0342681,0.003016156,0.002159978,0.02217253,0.02312534,0.08221602,0.1372648,0.2928145,0.1757575,0.03763855,0.1565184
38,0.0002413103,0.0004798075,0.0003278,1.503022E-05,0.002229289,0.004298264,0.006626412,0.0137733,0.03105167,0.00279726,0.002160018,0.02066108,0.01995985,0.07291122,0.1238293,0.3625093,0.1593897,0.03515459,0.1415847
39,0.0001990471,0.0003978243,0.0002699378,1.258426E-05,0.001846411,0.003631246,0.005648553,0.01175546,0.03029223,0.002620875,0.002163912,0.01939124,0.01733582,0.06508329,0.112212,0.4244382,0.1425719,0.03372299,0.1264065
40,0.0001683393,0.0003370909,0.0002272884,1.08403E-05,0.001566293,0.003158745,0.004980837,0.01036274,0.03272641,0.002517174,0.002186442,0.01859212,0.01552793,0.05982398,0.1040895,0.4683458,0.1282605,0.03254278,0.1145751
41,0.0001499198,0.0002998283,0.0002010123,9.858732E-06,0.001397952,0.002899077,0.004652516,0.009658712,0.0395633,0.002510295,0.002250538,0.01846871,0.01466067,0.05770346,0.1004438,0.4900357,0.1182759,0.03059228,0.1062266
42,0.0001540783,0.0003074187,0.0002050918,1.033854E-05,0.001439962,0.003052198,0.004985686,0.01031336,0.05494501,0.002729786,0.002429273,0.01988163,0.01580796,0.06185148,0.1062793,0.4722149,0.1164991,0.02524465,0.1016487
43,0.0001783002,0.0003553314,0.0002360711,1.214366E-05,0.001671817,0.003576194,0.005923564,0.01219323,0.07826515,0.003126647,0.002664918,0.0224208,0.01875367,0.07119372,0.11938,0.424432,0.1199118,0.01902423,0.0966804
44,0.0002227332,0.0004442801,0.0002940298,1.530723E-05,0.002097991,0.004470312,0.007477066,0.01530849,0.1085082,0.003668708,0.002949745,0.02597005,0.02343574,0.08533134,0.1385418,0.347601,0.1271975,0.01460548,0.09186006
45,0.0002795047,0.0005598313,0.000369003,1.926664E-05,0.002648484,0.005559869,0.009342664,0.01902948,0.1360922,0.004167593,0.003135304,0.0291986,0.02866218,0.1005144,0.1575367,0.2687291,0.1337777,0.01274578,0.08763238
46,0.0003230898,0.0006515131,0.0004273869,2.225664E-05,0.003082974,0.006349652,0.0106794,0.02165335,0.1466006,0.004349873,0.003119261,0.03043617,0.03173563,0.1096963,0.1670463,0.212746,0.1381804,0.01657775,0.09632201
47,0.000316157,0.0006422994,0.0004189834,2.173082E-05,0.003039661,0.006169418,0.01036953,0.02092582,0.1294491,0.004035113,0.0029221,0.02868979,0.02969046,0.1056805,0.1596051,0.1933525,0.1440907,0.02974711,0.1308338
48,0.000313893,0.0006425714,0.000416882,2.155482E-05,0.003041316,0.0060944,0.01024538,0.02058888,0.1161907,0.003917537,0.00292399,0.02841337,0.0286267,0.1049572,0.1580614,0.17578,0.1552438,0.03190354,0.1526169
49,0.0003544478,0.0007306163,0.0004693019,2.415871E-05,0.003459463,0.006817107,0.0115248,0.02317978,0.1047956,0.003828634,0.002828476,0.02830832,0.02788199,0.103995,0.158543,0.1610853,0.1698951,0.03429703,0.1579819
50,0.0003423722,0.0007110429,0.0004522911,2.32001E-05,0.003367867,0.006554075,0.01114093,0.02243399,0.09199193,0.003732557,0.00277333,0.02803282,0.02667138,0.1012148,0.1570669,0.1616715,0.1820227,0.0370829,0.1627135
51,0.0003245739,0.0006795146,0.0004282213,2.190113E-05,0.0032188,0.006207952,0.01060932,0.02139567,0.08009845,0.003648189,0.002732822,0.02761849,0.02540061,0.09768756,0.1543362,0.1719099,0.189263,0.03968712,0.1647318
52,0.0003039273,0.0006414498,0.0004007231,2.045372E-05,0.003038583,0.005828926,0.01001814,0.02023725,0.07008799,0.003583396,0.002707975,0.02715748,0.02420858,0.09393059,0.1508787,0.1933383,0.1916086,0.04047558,0.1615334
53,0.0002890229,0.0006149911,0.000381135,1.942858E-05,0.002912648,0.005568466,0.009627729,0.01948812,0.06352291,0.00357574,0.002697975,0.02692895,0.02362606,0.09156078,0.1488092,0.2178558,0.1902374,0.03829031,0.1539933
54,0.0002895787,0.0006213906,0.0003823091,1.94586E-05,0.002940563,0.005596699,0.009733008,0.0197568,0.06145201,0.003677676,0.002711021,0.02733659,0.02428594,0.09256025,0.1510255,0.2321314,0.188434,0.03298586,0.1440599
55,0.0003113727,0.0006745761,0.0004122247,2.091632E-05,0.003185724,0.006010464,0.01050458,0.02140864,0.06364292,0.003907806,0.002736343,0.0285163,0.02653131,0.09796738,0.158904,0.2284441,0.1884896,0.02607838,0.1322533
56,0.0003528665,0.0007732276,0.0004693424,2.368821E-05,0.003638398,0.006767497,0.01187132,0.02432384,0.06844638,0.004212664,0.002740341,0.03013039,0.03007686,0.1069092,0.1708546,0.2085333,0.1899433,0.02020187,0.119731
57,0.000387334,0.0008595616,0.0005180326,2.596794E-05,0.004025991,0.007366171,0.01295416,0.02670236,0.07022114,0.004352238,0.002658043,0.03076857,0.03257696,0.1129178,0.1780263,0.1866664,0.1902131,0.02118856,0.1175713
58,0.000393174,0.0008843587,0.0005288564,2.630712E-05,0.00412064,0.007421726,0.01306956,0.02710603,0.0657226,0.004196352,0.002460441,0.02958778,0.0323431,0.1116487,0.1749904,0.1756524,0.1890554,0.02888019,0.1319119
59,0.0003852748,0.0008781699,0.000520938,2.572432E-05,0.004070824,0.007230392,0.01274623,0.02660301,0.05950895,0.003980832,0.00230025,0.02825268,0.03108521,0.1078435,0.169595,0.1723546,0.1906131,0.03361565,0.1483897
60,0.0003607734,0.0008325003,0.0004898193,2.403977E-05,0.003841378,0.006755524,0.01192359,0.02503804,0.05214935,0.003724096,0.002184913,0.0267694,0.02882867,0.1012698,0.1615308,0.1858625,0.1924857,0.03760875,0.1583202
61,0.0003235867,0.0007512821,0.0004404259,2.155694E-05,0.003469934,0.006072806,0.01072126,0.02262754,0.04651424,0.003557008,0.002238945,0.0257345,0.02723303,0.09572246,0.1548765,0.2150586,0.1902595,0.03610487,0.1582719
62,0.0002808088,0.0006545428,0.000382456,1.871173E-05,0.003029352,0.005308709,0.009387304,0.01989335,0.03992613,0.003278669,0.002249217,0.02394177,0.02422674,0.0860628,0.1422862,0.2647307,0.1816617,0.03921419,0.1534667
63,0.0002471293,0.0005772763,0.0003364058,1.64928E-05,0.002679201,0.004717577,0.008369545,0.01780372,0.0361558,0.003088229,0.002273901,0.02261093,0.02204535,0.0785552,0.1323764,0.3150614,0.1708308,0.03821241,0.1440423
64,0.0002294541,0.0005363036,0.0003118947,1.535491E-05,0.002497356,0.004425917,0.007890667,0.01684539,0.0358311,0.00304257,0.002346944,0.02219294,0.02124721,0.07503271,0.1282351,0.3490086,0.1625325,0.03426666,0.1335113
65,0.0002294778,0.0005363093,0.0003114551,1.540147E-05,0.002505805,0.0044628,0.008001096,0.01714204,0.03877301,0.003147312,0.0024731,0.02275516,0.0219666,0.07587486,0.130568,0.3575223,0.1589138,0.02962446,0.125177
66,0.0002496035,0.0005836087,0.0003386005,1.678095E-05,0.002734083,0.00486789,0.008770511,0.0188627,0.04476523,0.003405287,0.002645929,0.02429639,0.02440072,0.08141679,0.1397968,0.3387745,0.1605686,0.02472217,0.1187838
67,0.000286554,0.0006712362,0.0003891212,1.926019E-05,0.003149679,0.005570453,0.01007074,0.02175152,0.05248399,0.0037516,0.002825728,0.02639457,0.02816006,0.09032682,0.153621,0.300342,0.165532,0.0209412,0.1137124
68,0.0003295975,0.0007748192,0.0004486744,2.210565E-05,0.003637957,0.006359055,0.01151521,0.02498726,0.05915608,0.004051537,0.002945069,0.02822176,0.0320801,0.09946472,0.1670958,0.2550896,0.1709642,0.02004676,0.1128097
69,0.000364688,0.000861879,0.0004982426,2.437517E-05,0.004045859,0.006970774,0.01262165,0.02752468,0.06199015,0.004179828,0.002948498,0.02899283,0.03476665,0.1054784,0.1753366,0.2156283,0.175287,0.0225481,0.1199314
70,0.0003656608,0.0008691927,0.0005012755,2.433761E-05,0.004079645,0.006943705,0.01255823,0.02751132,0.05800777,0.004003875,0.002827646,0.02800748,0.03406497,0.1034212,0.1721915,0.193698,0.1787403,0.03138632,0.1407973
71,0.0003347625,0.0007995007,0.0004598674,2.218373E-05,0.003755699,0.006349594,0.01147168,0.02522173,0.0499112,0.00367336,0.002704912,0.02623658,0.03077915,0.09537501,0.161467,0.1950676,0.1829069,0.04110348,0.1623597
72,0.0003305348,0.0007932803,0.0004551928,2.183232E-05,0.003729549,0.006262652,0.01130486,0.02496451,0.04686984,0.003635912,0.002741223,0.026228,0.0303608,0.09413108,0.1612815,0.1967693,0.1888222,0.03691198,0.1643858
73,0.0003051542,0.0007256872,0.0004182555,2.007518E-05,0.003459872,0.005778774,0.01047341,0.02320382,0.04226892,0.003507638,0.00273038,0.02550739,0.02851542,0.0890981,0.1556052,0.2197588,0.1897855,0.03782123,0.1610164
74,0.0002850514,0.0006715225,0.0003888927,1.869265E-05,0.003247031,0.005404394,0.009839619,0.02186878,0.03899685,0.003414822,0.002713984,0.02484844,0.02712155,0.0848119,0.1504958,0.2449201,0.1868234,0.03783679,0.1562924
75,0.000269826,0.0006293202,0.0003663552,1.764932E-05,0.003086691,0.005128067,0.00938655,0.02092452,0.03717631,0.003368606,0.002711655,0.02442305,0.02625309,0.08166336,0.1468504,0.2698834,0.1823073,0.03617462,0.1493791
76,0.0002604084,0.0006009945,0.0003518436,1.699637E-05,0.002990271,0.004961815,0.009137446,0.02042806,0.03670032,0.003364419,0.002719282,0.02423446,0.02592389,0.07975753,0.1448953,0.2899302,0.1774608,0.03402055,0.1422454
77,0.000246815,0.000563066,0.0003316207,1.607197E-05,0.002842821,0.004720144,0.008751685,0.01960987,0.03609829,0.003307325,0.002693402,0.02371487,0.02511276,0.07670507,0.1408435,0.3118207,0.1708218,0.03447725,0.137323
78,0.000250623,0.0005652254,0.0003350371,1.627837E-05,0.002894255,0.004795056,0.00895398,0.02011665,0.03809814,0.003393637,0.002728707,0.02409341,0.02593423,0.0776246,0.1430837,0.315918,0.1681318,0.03077453,0.132292
79,0.0002770008,0.0006184008,0.0003689967,1.793338E-05,0.003207741,0.00527152,0.009909909,0.0223441,0.04296215,0.003647682,0.002819048,0.02547869,0.02885655,0.08342177,0.1528723,0.2995202,0.1701228,0.02427153,0.1240116
80,0.0003169984,0.00070165,0.0004213718,2.043698E-05,0.00368287,0.00597125,0.01129295,0.02557393,0.04892907,0.003950382,0.002909317,0.02720106,0.03285009,0.09146461,0.1657482,0.2682744,0.1741279,0.02020397,0.1163595
81,0.0003163469,0.0006944293,0.0004194112,2.027696E-05,0.003688237,0.005914493,0.0112389,0.02553593,0.04761696,0.003809632,0.002772635,0.02626389,0.03233365,0.08931776,0.1620421,0.2577138,0.1720228,0.03016694,0.1281118
82,0.0003000562,0.0006529663,0.000396512,1.910945E-05,0.003510081,0.005579192,0.01064969,0.0242651,0.04394418,0.003565687,0.002622336,0.02482085,0.03029501,0.08405683,0.1538658,0.26123,0.1704159,0.03641432,0.1433963
83,0.0002728428,0.0005876943,0.0003587962,1.726816E-05,0.00320013,0.005068423,0.009724378,0.02219968,0.03972394,0.003309461,0.002517183,0.02337422,0.02748574,0.07726119,0.1439297,0.2850837,0.1682018,0.03941907,0.1482647
84,0.0002618888,0.0005580378,0.0003426235,1.648696E-05,0.003078452,0.004862607,0.009386017,0.02147357,0.03872446,0.003242301,0.002515496,0.02304185,0.02655131,0.07452694,0.1408309,0.3035549,0.1671868,0.0357458,0.1440997
85,0.000250224,0.0005193113,0.0003269815,1.56395E-05,0.002938883,0.004651398,0.009020578,0.02066456,0.03867558,0.003210317,0.002426897,0.02287569,0.02489857,0.07232885,0.1385247,0.3225895,0.1646111,0.03348554,0.1379856
86,0.0002289741,0.000462411,0.0002983879,1.421387E-05,0.002685722,0.004276402,0.008339094,0.01910858,0.03732394,0.003067295,0.002306863,0.02196622,0.02230421,0.06740379,0.1313036,0.3497719,0.1577895,0.03659848,0.1347504
87,0.0002164996,0.0004252269,0.0002811171,1.335781E-05,0.002534859,0.004063779,0.007977422,0.01827949,0.03795885,0.003014488,0.002247232,0.02159571,0.02076939,0.06461973,0.1275827,0.3690585,0.1523376,0.03592843,0.1310956
88,0.0002210273,0.0004223717,0.0002859916,1.355998E-05,0.002583077,0.004159398,0.008226049,0.01885221,0.04196505,0.003127883,0.00227114,0.02227277,0.02092364,0.06582457,0.1307989,0.3696126,0.1513478,0.03125554,0.1258364
89,0.0002341362,0.0004357263,0.0003020417,1.427831E-05,0.002732216,0.00440543,0.008777913,0.02011999,0.04760372,0.003302845,0.002318246,0.02335349,0.02180878,0.06876635,0.1369138,0.3571227,0.1524583,0.02794959,0.1213806
90,0.0002579447,0.0004685388,0.000332298,1.562369E-05,0.003008854,0.004831615,0.009690574,0.02222413,0.05444464,0.003529342,0.002359271,0.02472242,0.02344718,0.0735333,0.1458603,0.3320349,0.1553932,0.02523803,0.1186079
91,0.0003036484,0.0005403372,0.0003917774,1.825408E-05,0.003546668,0.005623862,0.01133746,0.0260498,0.06361723,0.003869456,0.002384047,0.02666268,0.02659045,0.08204186,0.160421,0.2932417,0.1606281,0.0200824,0.1126492
92,0.0003580606,0.0006258735,0.0004634141,2.135165E-05,0.004193389,0.006532889,0.013222,0.03046906,0.07210395,0.004178324,0.002379726,0.02850655,0.02990733,0.09112306,0.1752297,0.2475274,0.1666984,0.01792811,0.1085314
93,0.0004258292,0.0007337665,0.00055411,2.518274E-05,0.005008726,0.00762194,0.01546127,0.03579162,0.07937008,0.004439264,0.002290475,0.02990389,0.03349292,0.1011269,0.1899379,0.2019341,0.1716297,0.0157998,0.1044527
94,0.0004800051,0.0008171639,0.000628455,2.815017E-05,0.005676562,0.008425674,0.0171068,0.03982175,0.08110135,0.004472314,0.002122463,0.03000975,0.03529447,0.1071462,0.1973214,0.162582,0.1759799,0.01875779,0.1122279
95,0.00049076,0.0008262771,0.0006462733,2.853807E-05,0.005838385,0.008472816,0.01719402,0.04025991,0.07441862,0.00417609,0.001884821,0.02827721,0.03371846,0.1049009,0.1919479,0.1372878,0.181097,0.02833517,0.1401992
96,0.0004308473,0.0007163606,0.0005692639,2.48303E-05,0.005153075,0.007378351,0.01495092,0.03516741,0.05924711,0.003586195,0.001667306,0.02510078,0.02809139,0.09191234,0.1719927,0.1392918,0.1900843,0.04533721,0.1792978
97,0.0002854872,0.0004709299,0.000376425,1.639382E-05,0.003423631,0.004937017,0.009969853,0.02340097,0.04211013,0.003041903,0.001686064,0.02220148,0.02036577,0.0747823,0.14394,0.2293074,0.1836854,0.05155363,0.1844452
98,0.0002122317,0.0003460339,0.0002783354,1.219979E-05,0.002546547,0.003736871,0.007553376,0.01766642,0.03320001,0.002656959,0.001706504,0.01970161,0.01538653,0.06138149,0.1206581,0.3525616,0.1598788,0.04555895,0.1549575
99,0.0001653904,0.0002652547,0.0002147715,9.572818E-06,0.00198058,0.002990491,0.006088169,0.01416665,0.031398,0.002456125,0.001754609,0.01824506,0.01253651,0.05317629,0.1059032,0.4434908,0.1373861,0.03945628,0.1283161
100,0.000166408,0.0002624772,0.0002140684,9.719148E-06,0.00198732,0.00306677,0.006304454,0.01460612,0.04028314,0.002671202,0.001906336,0.01947011,0.01310537,0.05575867,0.1103408,0.4544117,0.1314333,0.02921456,0.1147876
101,0.0002008944,0.0003120137,0.0002564672,1.182E-05,0.002393268,0.003726447,0.007739154,0.01786798,0.05960968,0.003212311,0.002159526,0.02290016,0.01610327,0.06627765,0.1284302,0.4102989,0.1366464,0.01926204,0.1025918
102,0.0002561671,0.0003931499,0.0003256475,1.510124E-05,0.00304908,0.00472862,0.009885898,0.0227508,0.08370008,0.003848445,0.002361954,0.02682895,0.02017202,0.08027206,0.1514807,0.340669,0.1440601,0.01327574,0.0919264
103,0.0003243733,0.0004940412,0.000412134,1.905715E-05,0.003864935,0.005898191,0.01236132,0.02838279,0.1048749,0.004377233,0.002399937,0.02988957,0.02425864,0.09431536,0.1725291,0.271099,0.1486253,0.01211938,0.08375478
104,0.0004013123,0.0006087793,0.0005109839,2.343571E-05,0.004793883,0.007142873,0.01496279,0.03434175,0.1198592,0.004734836,0.002297572,0.03180807,0.02783652,0.1072413,0.189591,0.2100496,0.1508146,0.01224222,0.08073922
105,0.0004761042,0.0007213543,0.0006084977,2.761851E-05,0.005708268,0.008276584,0.01729442,0.03975743,0.126606,0.004873956,0.002108754,0.03244343,0.03020177,0.1173927,0.2008383,0.158866,0.1528727,0.01410651,0.08681941
106,0.000514161,0.0007792311,0.000659797,2.962882E-05,0.006191786,0.008750143,0.01820848,0.04197892,0.1196461,0.004655289,0.001868886,0.03115415,0.02972458,0.1193238,0.2000262,0.1221181,0.1577416,0.0214973,0.1151319
107,0.0004661438,0.0007060692,0.0005994966,2.668371E-05,0.005638277,0.007834897,0.0162189,0.03747572,0.09511017,0.004000198,0.001641414,0.02765937,0.02492302,0.1067266,0.1808586,0.1142742,0.1696811,0.03732735,0.1688318
108,0.0003502211,0.0005280096,0.0004494907,1.991948E-05,0.00424923,0.005903864,0.01216687,0.02808831,0.06457602,0.003255832,0.001570925,0.02385382,0.01813062,0.08559716,0.1518552,0.1564031,0.1838561,0.05641564,0.2027296
109,0.000339823,0.0004972183,0.0004298668,1.905513E-05,0.004118453,0.005730127,0.01177782,0.02728819,0.05113252,0.002923789,0.001386989,0.02219888,0.01607538,0.0744901,0.1397136,0.1941326,0.1942824,0.05877393,0.1946893
110,0.0002797851,0.0003961999,0.0003481121,1.548818E-05,0.003382445,0.004762307,0.009777317,0.02271031,0.04101066,0.002703642,0.001315904,0.02095107,0.01435611,0.0644784,0.1279833,0.2642313,0.1928565,0.05477194,0.1736693
111,0.0002398683,0.000328352,0.0002934699,1.313876E-05,0.002889444,0.004132397,0.008493598,0.01978219,0.03601757,0.002603906,0.001276835,0.02009367,0.01357905,0.05771251,0.1195231,0.3309632,0.1817123,0.04864126,0.1517042
112,0.0002219663,0.0002935063,0.0002670919,1.205153E-05,0.002661453,0.003868371,0.007980179,0.01863948,0.03562889,0.002644082,0.001271531,0.02003538,0.01383293,0.05485348,0.116946,0.3729143,0.1717742,0.04151998,0.134635
113,0.0002109304,0.0002692163,0.000249624,1.13593E-05,0.002515013,0.00371786,0.007712643,0.01805154,0.03719694,0.00270897,0.001272384,0.02012469,0.01428346,0.05310479,0.1157838,0.3982886,0.1625167,0.03844817,0.1235334
114,0.0002063729,0.0002542262,0.000240326,1.102216E-05,0.002445807,0.003673081,0.007671871,0.01797598,0.04031822,0.002796312,0.001276312,0.02039167,0.01492959,0.05242079,0.1162292,0.408487,0.1554721,0.03710217,0.1180978
115,0.0002316942,0.0002762267,0.0002663756,1.226464E-05,0.00273216,0.004126551,0.008682751,0.02038111,0.04877584,0.003119794,0.001299781,0.02215629,0.01750947,0.05727419,0.1269781,0.3869687,0.1576348,0.02905088,0.112523
116,0.0002600917,0.0003005329,0.0002956318,1.363013E-05,0.003053959,0.004621738,0.009792884,0.02301343,0.05748856,0.003423231,0.001316713,0.02391674,0.02015865,0.06222726,0.1377982,0.3544484,0.1610113,0.02692018,0.1099387
117,0.0002928754,0.0003290123,0.0003300554,1.517331E-05,0.003430256,0.005169807,0.01101488,0.02591315,0.06483087,0.003674983,0.00128266,0.02530252,0.02281939,0.06713626,0.1478091,0.3177776,0.1644184,0.02677434,0.1116788
118,0.0003317299,0.000363295,0.0003714971,1.697848E-05,0.003881574,0.005798458,0.01240818,0.02923128,0.07101125,0.003903901,0.00122555,0.02658002,0.02562481,0.07243951,0.1581597,0.2772849,0.1693608,0.02634122,0.1156654
119,0.00037871,0.000405366,0.0004223034,1.914455E-05,0.004433429,0.0065382,0.01403768,0.03313684,0.07623514,0.004127412,0.001155149,0.02786816,0.02871102,0.07846683,0.1695346,0.233045,0.1762232,0.0253249,0.119937
120,0.0003994708,0.0004184509,0.0004437678,1.993748E-05,0.004682684,0.006827139,0.01468531,0.03472442,0.07434273,0.004096407,0.001062213,0.02775972,0.02958881,0.07968279,0.1721272,0.1994838,0.1820445,0.03222334,0.1353873
121,0.0003990408,0.0004203614,0.0004457407,1.951819E-05,0.004671576,0.006767482,0.01454637,0.03446748,0.06591409,0.003824194,0.0009772759,0.02632994,0.02834606,0.07549819,0.1656838,0.1788664,0.1891072,0.04471725,0.158998
122,0.0003709061,0.0003924064,0.0004160952,1.778002E-05,0.004334432,0.00627397,0.01346489,0.03195348,0.05651091,0.003557929,0.0009404174,0.02502998,0.02636107,0.06985751,0.1575685,0.1812754,0.1964794,0.05174446,0.1734503
123,0.0003449851,0.0003660712,0.0003883315,1.621383E-05,0.004021457,0.005840725,0.01251529,0.02974179,0.04934034,0.003401484,0.0009497168,0.02430802,0.02492491,0.06529173,0.1517579,0.2000684,0.2012293,0.05196433,0.173529
124,0.0003170332,0.0003368774,0.0003577169,1.461342E-05,0.003682646,0.005388878,0.01153328,0.02743904,0.04352706,0.00327777,0.0009787069,0.0236211,0.02357603,0.06072827,0.1454332,0.2329079,0.2001495,0.05100795,0.1657225
125,0.0002881855,0.0003061567,0.0003256308,1.303401E-05,0.003331964,0.004929484,0.01054641,0.02511062,0.03898916,0.00315903,0.001012644,0.02279156,0.02221861,0.05608927,0.1380561,0.2743826,0.1931828,0.05020964,0.155057
126,0.0002810936,0.0002984766,0.0003182024,1.248577E-05,0.003233206,0.004827415,0.01034022,0.02465549,0.03824003,0.003198713,0.001059592,0.02284048,0.02246566,0.05471741,0.1370183,0.3013803,0.1878544,0.04369764,0.143561
127,0.0002960011,0.0003144054,0.0003361251,1.292072E-05,0.003387849,0.005081762,0.01091056,0.02607468,0.0406556,0.003385842,0.00110591,0.02375622,0.02432945,0.05649519,0.142409,0.3072216,0.1865811,0.03551517,0.1321306
128,0.0003250892,0.0003459384,0.000370918,1.394814E-05,0.003705463,0.005555388,0.01196006,0.02866542,0.0445751,0.003629505,0.001130721,0.02499108,0.02712078,0.05992398,0.1508996,0.295694,0.1874729,0.03027435,0.1233458
129,0.0003613918,0.000386026,0.0004150187,1.523924E-05,0.004107378,0.006125318,0.01321839,0.03178757,0.04839521,0.003847382,0.001117481,0.02604119,0.03016139,0.06374177,0.1595606,0.2739661,0.188997,0.02837479,0.1193806
130,0.0004015706,0.000431382,0.0004648301,1.664099E-05,0.004556747,0.006732526,0.01455387,0.03513377,0.05135825,0.004009298,0.00106913,0.0267559,0.03312257,0.06744231,0.167332,0.2476176,0.1910636,0.02802309,0.1199148
131,0.0004204396,0.0004545847,0.0004906204,1.711752E-05,0.004766972,0.00697986,0.01509856,0.03657965,0.05070221,0.003962776,0.0009908805,0.02634338,0.03404225,0.06785816,0.1680127,0.2273838,0.1918748,0.03376936,0.130252
132,0.000394657,0.0004291341,0.0004636243,1.577817E-05,0.004470696,0.006523312,0.01410126,0.03424301,0.04493966,0.00363946,0.0009051007,0.02449911,0.03142758,0.06271846,0.1576706,0.2247406,0.1909638,0.04713999,0.1507141
133,0.0003358186,0.00035853,0.0003986061,1.325748E-05,0.003806951,0.005565292,0.01204978,0.02924953,0.03875344,0.00334683,0.0009879025,0.02295112,0.02738304,0.05650786,0.145299,0.2555093,0.1857562,0.05203752,0.1596901
134,0.0002912988,0.0003047642,0.0003485129,1.136624E-05,0.003300547,0.004865872,0.01056154,0.02560176,0.03409288,0.003108544,0.001109745,0.02165647,0.02378367,0.05061299,0.1336502,0.3037114,0.1771747,0.05219672,0.1536171
135,0.0002541831,0.0002600736,0.0003058098,9.816051E-06,0.002874306,0.004296532,0.009365192,0.02265212,0.03162327,0.002945659,0.001256152,0.02070345,0.02104927,0.04585054,0.1241215,0.3547663,0.1660312,0.04992224,0.1417124
136,0.0002258039,0.0002254895,0.00027256,8.641461E-06,0.002544213,0.003872426,0.008494641,0.0204835,0.03130152,0.002847631,0.001412255,0.02006684,0.01910087,0.0423118,0.1169351,0.3977423,0.1544577,0.04770305,0.1299937
137,0.0002153351,0.0002096552,0.0002604409,8.172391E-06,0.002414646,0.003741542,0.008277383,0.01989056,0.03430798,0.002891968,0.001589135,0.02028549,0.01860516,0.04133458,0.115665,0.4182876,0.1471986,0.04340483,0.1214119
138,0.0002329716,0.0002214209,0.0002826059,8.761997E-06,0.002600073,0.004070599,0.009091339,0.02178133,0.04213975,0.003168895,0.001799296,0.02192271,0.0203668,0.04432002,0.1239681,0.4061544,0.1478233,0.0351248,0.1149229
139,0.0002759447,0.0002567387,0.0003365136,1.026476E-05,0.003068753,0.004802665,0.01082303,0.02587283,0.0538508,0.003612197,0.002004132,0.02450563,0.02400156,0.05040696,0.1392835,0.369188,0.1532219,0.02692842,0.1075502
140,0.0003360641,0.0003069484,0.0004128047,1.233812E-05,0.003729719,0.005785055,0.01313688,0.03135633,0.06699392,0.004099765,0.002181282,0.0274003,0.02859993,0.05798222,0.1574526,0.3134601,0.1606318,0.02327269,0.1028492
141,0.0004075012,0.0003667245,0.0005054844,1.473973E-05,0.004522574,0.006896548,0.01574791,0.03757112,0.07808401,0.004504046,0.002243641,0.02964686,0.03333662,0.06564862,0.1742261,0.258547,0.1664131,0.02138837,0.09992905
142,0.000447914,0.0003979441,0.0005613563,1.594688E-05,0.004977619,0.007457509,0.01708648,0.04075655,0.07973036,0.004519198,0.002159677,0.02964703,0.03488332,0.06828798,0.1784949,0.2190672,0.1689466,0.02953113,0.1130313
143,0.000432239,0.0003791605,0.0005466488,1.513892E-05,0.004811781,0.007119368,0.01633456,0.03893039,0.07063593,0.00413838,0.00200372,0.0275543,0.03210858,0.06426332,0.1684844,0.2012798,0.1719306,0.0451465,0.1438852
144,0.0004039452,0.0003495718,0.0005147603,1.392568E-05,0.004503611,0.006614657,0.01518947,0.03615861,0.06126827,0.003821155,0.001949647,0.02604657,0.0290565,0.05983823,0.1592173,0.2029589,0.178162,0.05124914,0.1626839
145,0.0003709384,0.0003194643,0.0004747278,1.259918E-05,0.004139933,0.006066443,0.01393917,0.03308986,0.05505206,0.003687826,0.002067181,0.0255041,0.0266186,0.05714548,0.15408,0.2262099,0.1805503,0.04750842,0.1631629
146,0.0003245109,0.000277657,0.0004162267,1.087308E-05,0.003622877,0.005337787,0.01227675,0.02902915,0.04738296,0.003422803,0.002136964,0.02404185,0.02298624,0.05172902,0.1422108,0.2727377,0.1746877,0.05034651,0.1570215
147,0.0002957939,0.0002512646,0.000379943,9.795223E-06,0.003301403,0.004901061,0.01129945,0.02661495,0.04405324,0.003299032,0.00222252,0.02327257,0.02091838,0.04848765,0.1351258,0.3134951,0.1669796,0.04755004,0.1475423
148,0.0002833283,0.000238795,0.0003641846,9.285157E-06,0.003159435,0.004729472,0.01094588,0.025684,0.04437964,0.003302337,0.002332478,0.02324137,0.02011553,0.04730454,0.1329235,0.3401247,0.1608847,0.04250701,0.1374698
149,0.000284663,0.000238042,0.000366088,9.235692E-06,0.003170347,0.004777267,0.01110949,0.02597398,0.04745767,0.003395883,0.002451855,0.02375213,0.02024649,0.04774452,0.1345461,0.3494824,0.1570566,0.03818768,0.1297496
150,0.0002928629,0.0002430512,0.000376833,9.401554E-06,0.003257166,0.004928532,0.0115184,0.02683539,0.05169721,0.003510694,0.002554426,0.02440135,0.02073218,0.04882325,0.1375555,0.3470635,0.1546198,0.0360672,0.1255135
151,0.0002930157,0.0002413239,0.0003770338,9.298338E-06,0.0032539,0.004942855,0.01160502,0.02693055,0.05426101,0.003521527,0.002593108,0.02443959,0.02053071,0.04864197,0.1372368,0.3463911,0.1510908,0.03802013,0.1256202
152,0.0003243712,0.0002656165,0.0004181417,1.016676E-05,0.003598989,0.005446398,0.01284445,0.02972282,0.06139131,0.00375875,0.002699156,0.02581346,0.02229081,0.05214466,0.1459516,0.3242598,0.1533145,0.03217549,0.1235695
153,0.0003619276,0.0002949711,0.0004676992,1.119662E-05,0.004014448,0.006031019,0.01428057,0.03297289,0.06860315,0.003999088,0.002804986,0.02731302,0.02423698,0.05603803,0.1554759,0.2957921,0.157199,0.02901044,0.1210926
154,0.0003845608,0.0003123088,0.0004984725,1.173155E-05,0.004267569,0.006356369,0.01509056,0.03477364,0.07109008,0.004055087,0.002806296,0.02770205,0.02492432,0.05762271,0.1590654,0.2735645,0.1592549,0.03231949,0.1258999
155,0.0003581604,0.0002897319,0.0004651638,1.076852E-05,0.003977341,0.005905563,0.01403444,0.03224488,0.06401978,0.003738683,0.002654279,0.02585896,0.02251078,0.05350332,0.1488837,0.2790548,0.1570242,0.04496276,0.1405028
156,0.0003158691,0.0002541058,0.000410282,9.369884E-06,0.003508168,0.005225884,0.01243649,0.02846427,0.05591308,0.003398662,0.00254366,0.02392448,0.01954682,0.04825263,0.1362434,0.3076797,0.1534548,0.05159209,0.1468263
157,0.000345608,0.0002729757,0.0004459774,1.002722E-05,0.003837396,0.005694566,0.01360857,0.03120162,0.05462312,0.003347938,0.002433384,0.0238431,0.01942328,0.04748087,0.1371382,0.2983803,0.1631574,0.04928936,0.1454663
158,0.0003434583,0.0002663222,0.0004402038,9.75251E-06,0.0038126,0.005649445,0.01355805,0.03113857,0.05328416,0.003325209,0.002373437,0.02387733,0.01935242,0.04662457,0.1377985,0.2995438,0.170436,0.04688655,0.1412797
159,0.0003407226,0.0002595457,0.000433997,9.472767E-06,0.003782315,0.005597503,0.01348961,0.03103727,0.0519462,0.003305549,0.0023094,0.02377525,0.01934157,0.04569328,0.137743,0.3004031,0.1742582,0.04724986,0.1390242
160,0.0003382056,0.0002531935,0.000428285,9.208563E-06,0.003754683,0.005551274,0.0134341,0.0309648,0.05077948,0.00329553,0.002253779,0.02365567,0.01939233,0.04481754,0.1375199,0.3021079,0.1762679,0.04762285,0.1375534
161,0.0003447075,0.0002537774,0.0004342512,9.193352E-06,0.003827532,0.005646155,0.01372485,0.03169975,0.05098742,0.003351264,0.002228666,0.02390563,0.01996724,0.04490269,0.1396337,0.2999779,0.1786499,0.04524872,0.1352068
162,0.0003551689,0.0002572986,0.0004453533,9.278036E-06,0.00394477,0.005798942,0.01416083,0.03277783,0.05163734,0.003425063,0.002209658,0.02424592,0.02073474,0.04532338,0.1424521,0.2951677,0.1808502,0.04334606,0.1328584
163,0.0003628696,0.0002588342,0.0004531121,9.28337E-06,0.004032032,0.00590297,0.01447837,0.0335841,0.05163635,0.003462799,0.002172884,0.02434762,0.02127438,0.04535093,0.1439769,0.2903528,0.181951,0.04388019,0.1325126
164,0.0003821617,0.0002687208,0.0004757254,9.57567E-06,0.004250249,0.006179238,0.0152257,0.0354094,0.05283714,0.003561673,0.002152323,0.02481353,0.02240108,0.04642459,0.1481752,0.2798378,0.1846332,0.04125118,0.1317115
165,0.0003983206,0.0002763393,0.0004946047,9.775117E-06,0.004435786,0.006398696,0.01583457,0.03692389,0.05320419,0.003617966,0.002114551,0.02503916,0.02325283,0.04705223,0.1510398,0.2701094,0.1868114,0.04107518,0.1319113
166,0.0004210891,0.0002886064,0.0005221317,1.012318E-05,0.004698709,0.0067092,0.01667367,0.03900211,0.05387958,0.003692788,0.002074632,0.02537232,0.02437489,0.04815678,0.1550371,0.2568974,0.1898539,0.03975203,0.132583
167,0.0004277623,0.0002898017,0.0005297496,1.007398E-05,0.004784395,0.006768704,0.01688124,0.03960372,0.05224021,0.003650948,0.002000268,0.02504466,0.02450414,0.04769083,0.1547114,0.2494061,0.1912439,0.04344262,0.1367695
168,0.0004471932,0.000299797,0.0005536143,1.032043E-05,0.005016256,0.007016147,0.01756185,0.04134701,0.05187692,0.00368472,0.001951237,0.02518024,0.02532281,0.04835708,0.1575775,0.2384963,0.194724,0.04162623,0.1389508
169,0.0003907318,0.0002613643,0.0004865501,8.896151E-06,0.004394684,0.006163134,0.01537732,0.03617176,0.04659255,0.003481544,0.001948424,0.02389508,0.0231511,0.04491029,0.1481229,0.2662609,0.1847357,0.04961729,0.1440299
170,0.0003456023,0.0002303317,0.0004321749,7.76866E-06,0.003894187,0.005499566,0.01368781,0.03214769,0.04137659,0.0032279,0.001937337,0.02234113,0.02049467,0.04065621,0.1361447,0.3062419,0.1727994,0.05459503,0.14394
171,0.000305799,0.000202692,0.0003832346,6.796388E-06,0.003447788,0.004927098,0.01225099,0.02870923,0.03836818,0.003038211,0.001958463,0.02118069,0.01832514,0.03709612,0.1262171,0.3522657,0.1611633,0.05376195,0.1363915
172,0.0002739298,0.0001802545,0.0003433212,6.029038E-06,0.003086343,0.004481575,0.01115387,0.02606153,0.03772468,0.002911944,0.00199944,0.02038945,0.01670311,0.03436878,0.1186006,0.3929993,0.1501466,0.05169157,0.1268778
173,0.0002826613,0.0001847574,0.0003544398,6.164563E-06,0.003181621,0.004669007,0.01165579,0.02717205,0.04333368,0.003075866,0.002135154,0.02136069,0.0174691,0.03552505,0.1228259,0.3971591,0.1480257,0.04231062,0.1192727
174,0.0003030394,0.0001968247,0.0003801903,6.543931E-06,0.003407563,0.005034977,0.01261563,0.02934014,0.05118597,0.003298589,0.002281157,0.02273664,0.01881888,0.03763989,0.1298127,0.3837118,0.1484488,0.03715993,0.1136208
175,0.0003473693,0.0002247002,0.0004369421,7.412041E-06,0.003906247,0.005759613,0.01447637,0.03360849,0.06165901,0.003627992,0.002418676,0.02469146,0.02132257,0.04156679,0.1417788,0.3503345,0.1522874,0.03178607,0.1097595
176,0.0004107988,0.0002652255,0.0005190685,8.644509E-06,0.004625285,0.006752303,0.01700804,0.03945037,0.07300832,0.003994516,0.002523528,0.02684445,0.02453688,0.04660091,0.1563114,0.305611,0.1578216,0.02744068,0.1062671
177,0.0004806737,0.0003103516,0.0006110717,9.960685E-06,0.005425403,0.00779858,0.01965958,0.04560352,0.08194767,0.004277799,0.002551561,0.02849486,0.02756362,0.05139914,0.1692212,0.2592496,0.1630136,0.02636227,0.1060195
178,0.0005285158,0.0003417006,0.0006765201,1.077584E-05,0.005986103,0.008458669,0.021305,0.04945783,0.08382618,0.004313462,0.002462453,0.02869556,0.02884603,0.05368346,0.1742972,0.2230768,0.1665485,0.03161668,0.1158685
179,0.0005299482,0.0003431177,0.0006827132,1.062779E-05,0.006025783,0.008394328,0.02108951,0.04899998,0.07721295,0.004070592,0.002303537,0.02738747,0.02755276,0.05220278,0.169286,0.202811,0.17026,0.04305777,0.1377791
180,0.0005172858,0.0003352191,0.0006702018,1.02077E-05,0.005904799,0.008134116,0.02037022,0.04737797,0.06943326,0.003843048,0.002210957,0.02632575,0.02590163,0.05015922,0.1639797,0.1947225,0.1767566,0.04853387,0.1548135
