"<HEADER software/>"
EwEVersion,"6.7.0.17868 (compiled 5/31/2022)"
Date,"8/7/2023 5:44:24 PM"
"<HEADER ecopath/>"
ModelName,1
"<HEADER ecosim/>"
EcosimScenario,sim-spa_01
TimeSeries,TS_updated_IB13
StartYear,1980
"<HEADER end/>"

Data,"Prey of Crab"

timestep\group,"Reef invertebrate feeders","Coastal omnivores",Sardine-herring-scad,Anchovy-silverside-killifish,Mullet,Cephalopod,"Pink shrimp","Brown shrimp","White shrimp",Crab,"Mobile epifauna",Infauna,Algae,Detritus,
1,0.0005412024,0.0004805151,0.005308542,0.004354839,0.0001700052,0.0002060861,0.0006394669,0.0001082113,0.001577539,0.001914326,0.2007507,0.5654526,0.0001072822,0.2183888
2,0.0005159663,0.0004594937,0.005083771,0.004240605,0.0001626466,0.0002064574,0.0006438579,0.0001127581,0.00158201,0.001751904,0.1940431,0.567354,0.0001258735,0.2237176
3,0.000470814,0.0004200668,0.004670793,0.004002827,0.0001491183,0.0002064876,0.0006396102,0.0001182963,0.001573091,0.001537201,0.1858122,0.5680385,0.0001566739,0.2322044
4,0.0004629405,0.000412625,0.004637842,0.004071766,0.0001463197,0.0002368852,0.0006695538,0.0001268491,0.001635783,0.001459256,0.1876121,0.5680122,0.0001539085,0.2303618
5,0.0004798399,0.0004266609,0.004860662,0.004337354,0.0001505353,0.0002926576,0.0007178581,0.0001360986,0.00173824,0.001464947,0.1947723,0.5681646,0.0001361517,0.2223222
6,0.00052811,0.0004687082,0.005396198,0.004811724,0.0001638467,0.0003675628,0.0007811878,0.0001436413,0.001867621,0.001562742,0.205543,0.5699278,0.0001095645,0.2083285
7,0.0005949399,0.0005280696,0.006110281,0.005366367,0.0001824179,0.0004430928,0.00084406,0.00014875,0.001997326,0.001704836,0.2156853,0.5742626,8.977971E-05,0.1920422
8,0.0006539247,0.0005824794,0.006725602,0.005771401,0.000198793,0.0004879269,0.000880088,0.0001493525,0.002073777,0.001810328,0.2193753,0.5795923,8.454153E-05,0.181614
9,0.0007185735,0.0006444237,0.007373457,0.006140215,0.0002173104,0.000506823,0.0009025141,0.0001457359,0.002114643,0.001914758,0.2201293,0.5874884,7.625305E-05,0.1716276
10,0.0007755454,0.0007019511,0.007925163,0.006392915,0.0002339151,0.0005003724,0.0009045503,0.0001394815,0.002115428,0.001985905,0.2169663,0.598734,6.978495E-05,0.1625547
11,0.0007903373,0.0007236655,0.00803509,0.006301553,0.0002386678,0.0004560438,0.0008643372,0.0001295201,0.002030446,0.001943276,0.2055071,0.6104973,7.445682E-05,0.1624083
12,0.000866287,0.0008031992,0.0087504,0.006647767,0.0002617429,0.0004401278,0.000864115,0.0001207657,0.002015348,0.002042188,0.2034753,0.6264314,5.486184E-05,0.1472265
13,0.0008281112,0.0007778201,0.008320277,0.006160384,0.0002504406,0.0003693582,0.0007702087,0.0001048694,0.001821064,0.001871138,0.1749557,0.6667991,6.245593E-05,0.1369088
14,0.0007230787,0.0006885313,0.007225042,0.005270737,0.0002202473,0.0002817975,0.0006472227,8.814679E-05,0.00155704,0.001568652,0.1496504,0.6805214,8.624398E-05,0.1514714
15,0.0006405686,0.0006166604,0.006366696,0.004602975,0.000196434,0.0002193004,0.0005655461,7.803913E-05,0.001382962,0.001351339,0.1325978,0.6993725,8.403081E-05,0.151925
16,0.0005327615,0.0005169266,0.005267831,0.003825075,0.0001652453,0.0001613647,0.0004915792,7.177436E-05,0.001225794,0.001108297,0.1165359,0.7183926,9.646088E-05,0.1516083
17,0.0004347302,0.0004230059,0.004276831,0.003161789,0.0001368129,0.0001182121,0.0004451639,7.063572E-05,0.001124055,0.0009083141,0.1052677,0.7315493,0.0001159844,0.1519676
18,0.0003928345,0.0003812018,0.003847885,0.002910054,0.0001248199,9.922385E-05,0.0004496594,7.522551E-05,0.001126294,0.0008404486,0.1044976,0.7377558,0.0001120421,0.1473868
19,0.0003865993,0.0003726994,0.003775147,0.00292398,0.0001232174,9.521515E-05,0.0004842159,8.23587E-05,0.001189221,0.0008538811,0.1102716,0.7379972,9.93184E-05,0.1413453
20,0.000412353,0.00039451,0.004018107,0.003168692,0.0001308988,0.0001023649,0.0005372722,8.902239E-05,0.001284514,0.0009360434,0.1202341,0.7357392,8.078095E-05,0.1328721
21,0.000456591,0.0004339802,0.004441017,0.003543153,0.0001438018,0.00011535,0.0005934431,9.373909E-05,0.00138305,0.001053327,0.1311063,0.7333872,6.608426E-05,0.123183
22,0.0004819153,0.0004562048,0.004677823,0.003776153,0.0001509884,0.000123134,0.0006202757,9.499989E-05,0.001425568,0.001115671,0.1363297,0.7270301,7.322814E-05,0.1236443
23,0.0005112066,0.000483118,0.004948829,0.004023393,0.0001593756,0.0001294376,0.0006374148,9.353408E-05,0.001445967,0.001177731,0.1398549,0.7225583,7.07166E-05,0.123906
24,0.0004998858,0.0004723209,0.004824938,0.003970213,0.0001558511,0.000124781,0.0006169364,9.015942E-05,0.001401234,0.001140558,0.1360297,0.7174164,8.66237E-05,0.1331705
25,0.000430281,0.0004051157,0.004125978,0.003405475,0.0001345606,0.0001030701,0.0005184318,7.562539E-05,0.001189772,0.000969346,0.1069963,0.7629163,8.981025E-05,0.1186399
26,0.0004007242,0.0003751771,0.003818078,0.003171555,0.0001258006,9.296601E-05,0.0004829288,7.153724E-05,0.001120598,0.0008992053,0.1014921,0.7666018,9.287166E-05,0.1212546
27,0.0003784606,0.0003515628,0.003583894,0.003004045,0.0001192635,8.623157E-05,0.0004644773,7.037018E-05,0.001086126,0.0008529776,0.09871901,0.7696961,9.40008E-05,0.1214935
28,0.0003772016,0.0003470971,0.003552261,0.003000112,0.0001188892,8.536144E-05,0.0004685105,7.135652E-05,0.001093527,0.0008592699,0.1000218,0.7714898,8.522766E-05,0.1184296
29,0.0003730983,0.0003398653,0.003495668,0.00298068,0.0001177162,8.462903E-05,0.0004734034,7.295815E-05,0.001102982,0.000860126,0.1013002,0.7705029,8.813052E-05,0.1182075
30,0.0003830275,0.0003453792,0.003572643,0.00306721,0.0001206381,8.721276E-05,0.0004890434,7.483456E-05,0.001129704,0.0008937221,0.1046122,0.7681715,8.267361E-05,0.1169702
31,0.0004079822,0.0003643778,0.003790236,0.003263249,0.0001279028,9.270437E-05,0.0005134752,7.650218E-05,0.001170618,0.0009614188,0.1097256,0.7675062,7.022722E-05,0.1119295
32,0.0004377248,0.0003877969,0.004051326,0.003488151,0.000136492,9.806768E-05,0.0005351682,7.70237E-05,0.001204961,0.001036549,0.1144467,0.7672428,6.239849E-05,0.1067948
33,0.0004773332,0.000420418,0.004402073,0.003775837,0.0001479235,0.0001034154,0.0005549114,7.58345E-05,0.001231356,0.001128725,0.1189666,0.7681054,5.344987E-05,0.1005568
34,0.0005110864,0.0004485459,0.00469644,0.00400894,0.0001576054,0.0001054199,0.0005602707,7.276409E-05,0.001230674,0.001199069,0.1209178,0.7690361,5.066543E-05,0.09700464
35,0.0004844798,0.0004245998,0.004434935,0.003791652,0.0001499328,9.427367E-05,0.0005153356,6.629447E-05,0.001138058,0.001121068,0.1129775,0.7643634,7.789688E-05,0.1103606
36,0.0004362069,0.000381168,0.003977231,0.003422329,0.0001358526,8.078071E-05,0.0004660723,6.158049E-05,0.001046136,0.001000916,0.1036141,0.763002,9.438062E-05,0.1222812
37,0.0004206062,0.0003664657,0.003835658,0.003390507,0.0001323382,7.82623E-05,0.0004886637,7.0791E-05,0.001111313,0.0009741762,0.1161485,0.7229756,0.0001168602,0.1498903
38,0.0003978653,0.0003446283,0.003635203,0.003312209,0.0001259886,7.890079E-05,0.0005042236,7.876259E-05,0.001152148,0.000935493,0.1178696,0.7188924,0.0001216356,0.152551
39,0.0003838655,0.0003299202,0.003523082,0.003325048,0.0001219975,8.685509E-05,0.0005330944,8.903683E-05,0.001220193,0.0009168434,0.1224979,0.7106172,0.0001324942,0.1562225
40,0.0003798901,0.0003236362,0.003513268,0.003440771,0.0001207243,0.0001049577,0.0005726949,0.0001006283,0.001308591,0.0009185791,0.1296098,0.6979319,0.0001446369,0.1615298
41,0.0003874187,0.0003270207,0.003621873,0.003670688,0.0001225613,0.0001380972,0.0006216,0.0001127314,0.001414776,0.0009439153,0.1390559,0.6829194,0.0001503882,0.1665135
42,0.0004231988,0.0003540278,0.00400383,0.00413283,0.0001323727,0.0001950421,0.0006874207,0.0001237493,0.001548856,0.001035054,0.1524175,0.6697664,0.0001284791,0.1650512
43,0.0004892949,0.0004064582,0.004672689,0.004808456,0.0001508385,0.0002701855,0.0007657137,0.0001320212,0.001698649,0.001194172,0.1681643,0.6629778,9.557471E-05,0.1541738
44,0.0005805089,0.0004802076,0.005576312,0.005621021,0.0001762139,0.0003524577,0.0008453792,0.0001374977,0.001851297,0.001404139,0.1836685,0.661403,6.974587E-05,0.1378337
45,0.0006814892,0.0005640064,0.006557802,0.006402072,0.0002044945,0.0004166125,0.0009050617,0.0001377352,0.001961643,0.001618434,0.1947584,0.663151,5.758187E-05,0.1225837
46,0.0007345183,0.0006112687,0.007062308,0.006673959,0.0002194613,0.0004251402,0.000894884,0.0001298118,0.001937069,0.00169758,0.1922013,0.6619791,7.088188E-05,0.1253626
47,0.0006611082,0.000555374,0.006346268,0.005873666,0.0001988105,0.0003501356,0.0007742598,0.0001134223,0.001703034,0.001481293,0.1681995,0.6577021,0.0001182684,0.1559229
48,0.0006006621,0.000508051,0.005758967,0.005241074,0.0001816252,0.0002907085,0.0006953338,0.0001049853,0.001560156,0.001321127,0.1522256,0.6652019,0.0001169873,0.1661928
49,0.0005215434,0.0004423183,0.004987806,0.004452023,0.0001584798,0.0002291166,0.0005938152,8.874263E-05,0.001358271,0.001124409,0.1211543,0.7281486,9.674858E-05,0.1366438
50,0.0004754296,0.0004034083,0.004537019,0.00399755,0.0001454473,0.0001901313,0.0005472734,8.225677E-05,0.001271538,0.001016801,0.1130694,0.7415788,9.831633E-05,0.1325866
51,0.0004395661,0.0003723572,0.004187169,0.003660338,0.0001354646,0.0001610547,0.0005203799,7.885457E-05,0.001218732,0.0009420638,0.1081711,0.749308,0.0001018198,0.1307031
52,0.0004147583,0.0003500013,0.003945541,0.003438312,0.0001287232,0.0001410272,0.0005115027,7.819338E-05,0.001199244,0.0008984947,0.1063362,0.7535551,0.0001034514,0.1288993
53,0.0004063494,0.0003410134,0.003862685,0.003363094,0.0001267353,0.0001304144,0.0005207807,7.94876E-05,0.001213315,0.0008946914,0.1078098,0.7548102,9.949385E-05,0.1263418
54,0.0004190722,0.0003495015,0.003983045,0.00345957,0.0001308525,0.0001287397,0.0005465673,8.150335E-05,0.001256839,0.0009384652,0.1124772,0.7546204,8.717951E-05,0.1215211
55,0.0004552511,0.0003775464,0.004327643,0.003733194,0.0001417617,0.0001341935,0.0005845322,8.279771E-05,0.001319573,0.001031875,0.1195789,0.7554232,6.910841E-05,0.1127404
56,0.0005108614,0.0004220982,0.004857127,0.004142802,0.0001582983,0.0001432932,0.0006256419,8.232769E-05,0.001384327,0.001161434,0.127429,0.757865,5.28843E-05,0.1011649
57,0.0005508229,0.0004546903,0.005236931,0.004419113,0.0001702523,0.000145305,0.0006388802,7.892983E-05,0.001397266,0.001243399,0.1303636,0.7577114,5.447744E-05,0.0975349
58,0.0005475425,0.0004527969,0.005204108,0.004362981,0.00016975,0.0001341158,0.0006074787,7.205172E-05,0.001325063,0.001217401,0.1251421,0.7538232,7.268896E-05,0.1068688
59,0.0005213108,0.0004319026,0.004952473,0.004140238,0.0001624318,0.0001186334,0.0005629791,6.580606E-05,0.00123607,0.00114305,0.1174537,0.7527074,8.20391E-05,0.116422
60,0.0004807375,0.0003986057,0.00456454,0.003825726,0.0001508938,0.0001025201,0.0005193673,6.163967E-05,0.001154935,0.001045373,0.1097253,0.7560419,8.988216E-05,0.1218384
61,0.0004670554,0.0003872791,0.0044405,0.003754217,0.0001479179,9.537616E-05,0.0005174074,6.588151E-05,0.001158053,0.001029999,0.1131029,0.7438092,9.28856E-05,0.1309315
62,0.0004311264,0.0003569418,0.004105438,0.003525439,0.0001379796,8.647076E-05,0.0005037367,6.990523E-05,0.001137961,0.0009678183,0.1104665,0.7431105,0.000106092,0.1349941
63,0.0004123972,0.0003402854,0.003936275,0.003441188,0.0001330102,8.409611E-05,0.0005095669,7.589894E-05,0.001154184,0.0009458052,0.1114765,0.739917,0.0001107559,0.1374631
64,0.0004129446,0.0003391317,0.003954215,0.003517595,0.000133688,8.85374E-05,0.0005333362,8.322149E-05,0.001203484,0.000968401,0.1160993,0.7355498,0.0001054481,0.1370108
65,0.0004318802,0.0003528864,0.004151054,0.003742188,0.0001397949,9.881417E-05,0.0005690146,9.044771E-05,0.001272707,0.001032617,0.1232695,0.7307765,9.40447E-05,0.1339785
66,0.0004705808,0.0003828525,0.004539093,0.004116273,0.0001518437,0.0001134304,0.0006121194,9.62128E-05,0.001351105,0.001140455,0.1321217,0.7275404,7.799016E-05,0.1272859
67,0.0005234984,0.0004248058,0.005063509,0.004586268,0.0001682321,0.0001289533,0.0006539069,9.963274E-05,0.001423243,0.001276221,0.1409132,0.726403,6.390744E-05,0.1182716
68,0.0005742686,0.0004659286,0.005564519,0.005013328,0.0001840735,0.0001396672,0.0006785921,9.978303E-05,0.001462305,0.001397068,0.1465782,0.7255762,5.852494E-05,0.1122076
69,0.000603432,0.000490761,0.005852316,0.005241368,0.0001935611,0.0001406257,0.0006726577,9.598624E-05,0.001443416,0.00145476,0.146429,0.7237546,6.284971E-05,0.1135646
70,0.0005763467,0.0004706375,0.005590974,0.005002261,0.0001860054,0.0001266807,0.0006202955,8.861666E-05,0.001342323,0.001372205,0.1370539,0.7204245,8.36189E-05,0.1270617
71,0.0005089711,0.0004168973,0.004936609,0.004445032,0.0001659235,0.0001056926,0.0005518286,8.219892E-05,0.001219306,0.001202238,0.1238441,0.7212208,0.0001054679,0.1411949
72,0.0004877247,0.0003995945,0.004729975,0.004280634,0.0001599275,9.668431E-05,0.0005320712,8.114712E-05,0.001187371,0.001155214,0.1202401,0.7275906,9.168344E-05,0.1389673
73,0.0004574833,0.000374308,0.004438602,0.004063009,0.0001508349,8.805208E-05,0.0005183548,8.16221E-05,0.00116612,0.001095683,0.1180065,0.7309841,9.484413E-05,0.1384806
74,0.0004392629,0.0003583511,0.004264035,0.003951928,0.0001453904,8.321138E-05,0.0005169103,8.310493E-05,0.00116362,0.001067467,0.1175098,0.7319,9.671602E-05,0.1384203
75,0.0004321657,0.0003510689,0.004198248,0.003941862,0.000143321,8.195364E-05,0.0005268003,8.578328E-05,0.001181573,0.001067503,0.1192842,0.7309558,9.514904E-05,0.1376547
76,0.00043445,0.0003511709,0.004224657,0.004016627,0.0001440809,8.366359E-05,0.00054409,8.895845E-05,0.001212436,0.001090068,0.1226196,0.7285088,9.223454E-05,0.1365892
77,0.0004331865,0.0003483881,0.004217603,0.004065569,0.000143661,8.579486E-05,0.0005576291,9.186331E-05,0.001236956,0.00110092,0.1252107,0.7238643,9.721012E-05,0.1385463
78,0.0004508267,0.0003606922,0.004395788,0.00427717,0.0001490388,9.221408E-05,0.0005827103,9.477996E-05,0.001279825,0.001157854,0.1303194,0.7199906,8.815777E-05,0.136761
79,0.0004941124,0.0003934664,0.004824051,0.004704927,0.0001623313,0.0001030735,0.0006208289,9.705766E-05,0.00134152,0.001277004,0.1382905,0.7202795,6.86964E-05,0.1273429
80,0.0005490921,0.0004357873,0.005365244,0.005218478,0.0001790812,0.0001145835,0.0006562785,9.777158E-05,0.001397977,0.001418988,0.1459485,0.7222532,5.556699E-05,0.1163096
81,0.0005432962,0.0004310568,0.005309352,0.005175002,0.0001771768,0.0001111159,0.0006306548,9.28482E-05,0.001345032,0.001391734,0.141349,0.7165043,8.222598E-05,0.1268571
82,0.0005115086,0.0004057413,0.004997589,0.0048952,0.0001671841,0.0001021419,0.0005879488,8.746953E-05,0.001266129,0.001298854,0.1330075,0.7118606,9.831927E-05,0.1407138
83,0.0004723263,0.0003740935,0.004614075,0.004564699,0.0001549419,9.359839E-05,0.000553181,8.511326E-05,0.001208682,0.001194566,0.1260003,0.7132269,0.0001074069,0.1473501
84,0.0004611943,0.0003639901,0.004506399,0.004498448,0.0001513196,9.245312E-05,0.0005491406,8.618388E-05,0.001207292,0.001169254,0.1252149,0.7161368,9.834186E-05,0.1454643
85,0.0004557973,0.0003581832,0.004454829,0.004495203,0.0001495889,9.417459E-05,0.0005545472,8.480361E-05,0.001222447,0.001118299,0.1255798,0.7193319,9.463467E-05,0.1420057
86,0.0004364379,0.0003415466,0.004269045,0.004369068,0.0001434935,9.432882E-05,0.0005499286,8.366522E-05,0.001218347,0.001039754,0.1227975,0.7214992,0.0001071898,0.1430505
87,0.0004296818,0.0003346757,0.004209707,0.004364755,0.0001412288,9.893511E-05,0.0005573715,8.405267E-05,0.001235275,0.0009984995,0.1226153,0.7218125,0.0001084711,0.1430095
88,0.0004444293,0.0003443528,0.004363785,0.004561286,0.0001455293,0.0001099292,0.0005812591,8.537591E-05,0.001280438,0.001010996,0.1260005,0.72339,9.484537E-05,0.1375872
89,0.0004685191,0.0003612634,0.004610874,0.004835731,0.0001526306,0.0001234805,0.0006077701,8.629449E-05,0.001329437,0.001043459,0.1301154,0.7252603,8.396898E-05,0.1309209
90,0.0005027245,0.0003862001,0.004956448,0.005182835,0.0001628582,0.0001376364,0.0006329445,8.558982E-05,0.001371601,0.001093341,0.1341545,0.7274596,7.378861E-05,0.1238
91,0.0005620252,0.0004307919,0.005545929,0.005734066,0.0001808914,0.000154081,0.0006648414,8.2862E-05,0.001417219,0.001187919,0.1396413,0.7330765,5.604972E-05,0.1112654
92,0.0006210193,0.0004758176,0.00612885,0.006243401,0.0001987292,0.0001658837,0.0006819314,7.85666E-05,0.00143929,0.001269139,0.1425899,0.7398657,4.727618E-05,0.1001944
93,0.0006888215,0.0005289285,0.006793074,0.006796791,0.0002195077,0.0001735797,0.0006887265,7.188426E-05,0.001435253,0.001351082,0.1439248,0.7475116,3.931195E-05,0.08977675
94,0.0007202793,0.0005557099,0.00709452,0.006984383,0.0002293185,0.0001679517,0.0006570258,6.307578E-05,0.001363884,0.001348186,0.1384122,0.7530841,4.380991E-05,0.08927563
95,0.0006785128,0.0005269115,0.00667209,0.006497214,0.0002168632,0.0001447148,0.0005760961,5.259778E-05,0.001206776,0.001209444,0.1236729,0.7560627,6.156063E-05,0.1024216
96,0.0005495512,0.0004292206,0.005392718,0.005250259,0.0001774854,0.000107562,0.00046187,4.343835E-05,0.001000088,0.0009407016,0.1017689,0.7635069,9.114022E-05,0.12028
97,0.0004595956,0.0003609326,0.004520465,0.004534207,0.0001508908,8.643095E-05,0.0004429168,4.966189E-05,0.001000054,0.0007710287,0.1038959,0.732769,0.0001305559,0.1508285
98,0.0004021153,0.0003158292,0.003975187,0.004135117,0.0001333433,7.942991E-05,0.000450946,5.858944E-05,0.001034442,0.0006790058,0.1019946,0.7381945,0.0001343912,0.1484126
99,0.0003800572,0.000297523,0.003794095,0.004120044,0.0001263604,8.886161E-05,0.0004931245,7.126214E-05,0.001133226,0.000654449,0.1075425,0.7335051,0.0001385304,0.1476549
100,0.0004124654,0.0003211212,0.004166396,0.004643389,0.0001360331,0.0001203567,0.0005661711,8.173588E-05,0.001276657,0.0007222428,0.1199611,0.7260591,0.0001092478,0.141424
101,0.0004883691,0.0003776165,0.004987055,0.005583083,0.0001585844,0.0001728265,0.0006607011,8.985004E-05,0.001457105,0.0008611809,0.1364821,0.7250647,7.047889E-05,0.1235463
102,0.0005853097,0.0004509923,0.006017359,0.006661687,0.0001876533,0.0002291501,0.0007474347,9.279652E-05,0.001611969,0.001018662,0.1511813,0.7272205,4.603156E-05,0.1039492
103,0.0006904166,0.0005323702,0.007113356,0.007697018,0.000219572,0.0002726802,0.0008073761,8.954645E-05,0.001705536,0.001163417,0.1606653,0.7306544,3.981878E-05,0.08834922
104,0.0007914554,0.0006130589,0.008148697,0.008571865,0.0002506005,0.0002969739,0.0008322339,8.169245E-05,0.001729588,0.001272179,0.1639799,0.7343139,3.80815E-05,0.07907978
105,0.0008606855,0.000672004,0.008842351,0.009048884,0.0002722781,0.0002967361,0.0008103852,7.092644E-05,0.00166879,0.001305675,0.1595316,0.7385057,4.112984E-05,0.07807274
106,0.0008339196,0.0006580995,0.008543115,0.008558173,0.0002647703,0.0002593352,0.0007158197,5.813159E-05,0.001481965,0.001188408,0.1426919,0.7417316,5.735311E-05,0.09295735
107,0.0006638978,0.0005298899,0.006780648,0.006739863,0.0002129697,0.0001852271,0.0005526534,4.58735E-05,0.001182166,0.0008952924,0.1132292,0.7492796,8.853935E-05,0.1196142
108,0.0004591679,0.0003691349,0.004676111,0.004709235,0.0001498433,0.0001166869,0.0004173559,4.073544E-05,0.0009459485,0.0006042968,0.08734933,0.7680734,0.0001231251,0.1319655
109,0.0003395961,0.0002720219,0.003435509,0.003459069,0.0001116734,8.015829E-05,0.0003251554,3.120258E-05,0.0007637324,0.0004648355,0.06507796,0.8227786,9.70039E-05,0.1027634
110,0.0002998934,0.0002381241,0.003015036,0.003062185,9.931984E-05,6.812176E-05,0.00031859,3.136746E-05,0.0007637553,0.0004398584,0.06432523,0.8282987,9.532688E-05,0.09894451
111,0.0002918422,0.0002290213,0.002918851,0.002994623,9.683955E-05,6.668059E-05,0.0003419827,3.392236E-05,0.0008164002,0.0004637043,0.06856935,0.8243914,9.408718E-05,0.09869124
112,0.0003044735,0.0002358723,0.003033542,0.00313955,0.0001006684,7.284035E-05,0.0003834763,3.730465E-05,0.0008989307,0.0005216397,0.07600978,0.8159052,8.858519E-05,0.09926821
113,0.0003229794,0.0002471501,0.003209557,0.003348858,0.0001061868,8.307287E-05,0.0004291905,4.077899E-05,0.0009863705,0.0005883995,0.08424625,0.8042992,8.961786E-05,0.1020022
114,0.0003445373,0.000260764,0.003418486,0.003587753,0.0001125208,9.624151E-05,0.0004735223,4.372041E-05,0.00106825,0.0006573485,0.09236139,0.7909523,9.24972E-05,0.1065305
115,0.0003917674,0.0002934826,0.003883394,0.004054771,0.0001264595,0.0001166799,0.000529433,4.461982E-05,0.001163181,0.0007725937,0.1027032,0.7825106,7.256561E-05,0.1033373
116,0.0004366061,0.0003243026,0.004323608,0.004475136,0.0001394009,0.0001357276,0.0005733462,4.461125E-05,0.001239218,0.0008778799,0.1111353,0.7755364,6.630262E-05,0.1006921
117,0.0004796444,0.0003541163,0.004742846,0.004842976,0.0001518016,0.0001495188,0.0006012611,4.245139E-05,0.001280668,0.0009707439,0.1168645,0.7691715,6.424294E-05,0.1002836
118,0.0005201683,0.0003824,0.005133675,0.005155848,0.0001634148,0.0001577922,0.0006153911,3.90801E-05,0.001296202,0.001050282,0.1203096,0.7651837,6.064632E-05,0.09993184
119,0.000559552,0.0004101789,0.005509521,0.005432059,0.0001746553,0.0001612299,0.0006192446,3.505861E-05,0.001293474,0.001120021,0.1220965,0.7644277,5.519991E-05,0.09810567
120,0.0005577431,0.0004083588,0.005476614,0.005320235,0.0001737597,0.0001500454,0.0005865176,3.076535E-05,0.001229584,0.001101535,0.1174792,0.7624698,6.662477E-05,0.1049492
121,0.0004980561,0.0003639723,0.004868823,0.004676435,0.0001553175,0.0001234464,0.0005080822,2.626537E-05,0.001082203,0.0009792185,0.1019332,0.7735912,8.280897E-05,0.1111111
122,0.000446326,0.0003249268,0.004343123,0.004147641,0.0001396525,0.0001025059,0.0004578336,2.447955E-05,0.000996405,0.0008819957,0.09403051,0.7764263,9.220101E-05,0.1175862
123,0.0004119727,0.0002980241,0.003991032,0.003803477,0.0001292998,8.887975E-05,0.0004346735,2.455055E-05,0.0009609688,0.0008281737,0.09050626,0.7808443,9.141371E-05,0.117587
124,0.0003898754,0.0002797159,0.003761458,0.003589725,0.000122684,8.050501E-05,0.0004300669,2.597661E-05,0.0009587879,0.0008043058,0.08999344,0.7829282,9.166705E-05,0.1165437
125,0.0003771304,0.0002680612,0.003625694,0.003475324,0.0001188975,7.626929E-05,0.0004383828,2.842685E-05,0.0009784502,0.0008016957,0.09157803,0.781215,9.50405E-05,0.1169236
126,0.0003875867,0.0002727463,0.003716357,0.003570606,0.0001218961,7.836398E-05,0.0004650154,3.116041E-05,0.001027217,0.0008491889,0.09655947,0.7777953,8.634749E-05,0.1150386
127,0.0004184393,0.0002915619,0.004004174,0.003840609,0.0001307606,8.517109E-05,0.0005031904,3.324739E-05,0.001092214,0.0009401366,0.103806,0.775241,7.149832E-05,0.1095419
128,0.0004606437,0.000318206,0.004400475,0.004197808,0.0001427921,9.370732E-05,0.0005412807,3.411166E-05,0.001152989,0.001051648,0.1111815,0.7729844,6.09262E-05,0.1033795
129,0.0005049802,0.000346506,0.004815588,0.004556254,0.0001553456,0.0001008616,0.0005688305,3.342182E-05,0.001191086,0.001159476,0.1167738,0.7703434,5.635242E-05,0.09939411
130,0.0005461196,0.0003729616,0.005197942,0.004869325,0.0001669115,0.0001050947,0.0005820129,3.13955E-05,0.00120157,0.001250205,0.1199039,0.7679612,5.435141E-05,0.09775705
131,0.0005565924,0.0003790465,0.005286234,0.004913155,0.0001696342,0.0001019354,0.0005651864,2.858813E-05,0.001162328,0.001262419,0.1176494,0.7640964,6.397609E-05,0.1037651
132,0.0005147075,0.0003499202,0.004876633,0.004524252,0.0001573586,8.955011E-05,0.0005144783,2.588209E-05,0.001071385,0.001155138,0.108927,0.7592484,8.800869E-05,0.1184572
133,0.0004824544,0.0003275931,0.004574626,0.004282818,0.0001486525,8.202847E-05,0.000502553,3.000783E-05,0.001066147,0.001069111,0.1111169,0.7372469,0.0001066943,0.1389634
134,0.0004427219,0.0002997981,0.004204135,0.003990909,0.0001374275,7.602794E-05,0.0004917682,3.551395E-05,0.001059878,0.0009783071,0.1078484,0.7392574,0.0001123668,0.1410654
135,0.0004199515,0.0002832924,0.003998769,0.003861739,0.0001310574,7.594572E-05,0.0005018488,4.329172E-05,0.001091184,0.000932439,0.1086229,0.7387721,0.0001155313,0.1411499
136,0.0004100572,0.000275477,0.003921173,0.003859929,0.0001283417,8.152412E-05,0.0005261363,5.278372E-05,0.001146988,0.0009176152,0.1121782,0.7344234,0.0001197143,0.1419587
137,0.0004187731,0.0002801256,0.004027231,0.004029067,0.0001309286,9.439236E-05,0.0005644545,6.274347E-05,0.001224859,0.0009441954,0.118612,0.7277396,0.0001152088,0.1417564
138,0.0004567846,0.0003040813,0.004418823,0.004446301,0.0001419299,0.0001160387,0.000619031,7.110164E-05,0.001324841,0.001034476,0.1283527,0.7231285,9.341662E-05,0.1354919
139,0.0005218969,0.0003458512,0.005073014,0.005073158,0.0001607352,0.0001433513,0.0006821419,7.656001E-05,0.001431641,0.001178516,0.1396885,0.7227265,6.921831E-05,0.1228289
140,0.000596842,0.00039424,0.005821001,0.0057382,0.0001822131,0.0001691756,0.0007344384,7.904612E-05,0.001518507,0.001332154,0.1490441,0.723475,5.663786E-05,0.1108585
141,0.0006767217,0.0004466079,0.006610363,0.006386303,0.0002052871,0.000187639,0.0007678168,7.737141E-05,0.001563502,0.001477642,0.1549502,0.7254187,4.933291E-05,0.1011825
142,0.0007005822,0.0004633859,0.006847071,0.006498876,0.0002123452,0.0001839119,0.0007395053,7.14893E-05,0.001500812,0.001484194,0.1498489,0.7233716,6.503924E-05,0.1080122
143,0.0006366415,0.0004228039,0.006222475,0.005846334,0.0001940502,0.0001558889,0.0006479087,6.345895E-05,0.001334559,0.001307066,0.1332042,0.720408,9.459897E-05,0.1294621
144,0.000563939,0.0003754353,0.00551259,0.005155966,0.0001730699,0.0001296419,0.0005735854,5.920136E-05,0.001209537,0.00113407,0.1194585,0.7266527,0.000102428,0.1388994
145,0.0005350312,0.0003566674,0.005238303,0.004912839,0.0001653457,0.0001181853,0.0005616349,6.368461E-05,0.001201596,0.001054051,0.1202445,0.7205387,9.859485E-05,0.144911
146,0.000484771,0.0003232939,0.004757491,0.004508888,0.0001510519,0.0001056889,0.0005416053,6.840225E-05,0.001176885,0.0009457187,0.1149692,0.7273912,0.0001081685,0.1444676
147,0.0004643724,0.0003093776,0.00457296,0.00438212,0.0001454104,0.0001032706,0.0005486293,7.476709E-05,0.001197297,0.0009045103,0.1149671,0.7293537,0.0001071052,0.1428694
148,0.0004647201,0.000309037,0.004596748,0.004448952,0.0001457667,0.0001085228,0.0005728651,8.185043E-05,0.001247262,0.0009073095,0.1184155,0.7292098,9.973248E-05,0.1393918
149,0.0004796471,0.0003183189,0.004767918,0.00464477,0.0001503269,0.000119143,0.0006047961,8.833306E-05,0.001308651,0.0009375595,0.1234642,0.7274964,9.189703E-05,0.135528
150,0.000499294,0.0003308729,0.004987733,0.004872957,0.0001562318,0.0001315452,0.0006337161,9.327543E-05,0.001362638,0.0009730599,0.1280873,0.7247421,8.788112E-05,0.1330413
151,0.0005063635,0.000335504,0.005082527,0.004976573,0.0001584334,0.0001403525,0.0006461854,9.625404E-05,0.001387347,0.0009795419,0.1298311,0.7204843,9.40667E-05,0.1352814
152,0.0005440504,0.0003602587,0.005482316,0.005330707,0.0001697374,0.0001555051,0.0006754216,9.811416E-05,0.001434969,0.001041478,0.1346326,0.7202477,7.780136E-05,0.1297493
153,0.0005817953,0.0003852278,0.005882074,0.005660243,0.000180975,0.0001685128,0.0006968569,9.887482E-05,0.001472371,0.001098131,0.1381213,0.7231427,6.78447E-05,0.1224431
154,0.0005946172,0.0003943549,0.006026019,0.005738647,0.0001849676,0.0001702281,0.0006888364,9.643216E-05,0.00145577,0.00110086,0.1364322,0.7241473,7.342312E-05,0.1228963
155,0.0005476812,0.0003645764,0.005561363,0.005281606,0.0001714185,0.0001531295,0.000634391,9.110817E-05,0.00135742,0.000993166,0.1264418,0.7225126,0.0001016626,0.135788
156,0.0004908104,0.0003276754,0.004997091,0.004765379,0.0001547525,0.0001364988,0.0005885959,8.911291E-05,0.00128179,0.0008801938,0.1177224,0.7240773,0.0001187376,0.1443695
157,0.0004180718,0.0002786419,0.004248206,0.00400628,0.0001318923,0.0001131226,0.0004918633,7.231858E-05,0.001083664,0.0007419634,0.09015819,0.7893896,8.797707E-05,0.1087783
158,0.0004047442,0.0002689236,0.004106508,0.003838963,0.0001277352,0.0001072632,0.0004748598,6.856408E-05,0.001054866,0.0007185795,0.08828251,0.7975032,8.106068E-05,0.1029623
159,0.0003982371,0.0002636253,0.004035494,0.003741757,0.0001257137,0.0001034523,0.0004670074,6.600119E-05,0.001039131,0.000710501,0.08763263,0.8007129,8.053819E-05,0.100623
160,0.0003956783,0.0002608812,0.004005743,0.003686237,0.0001249313,0.0001009538,0.0004647864,6.430012E-05,0.001032115,0.0007111331,0.08773211,0.8014964,8.076407E-05,0.09984392
161,0.0004021907,0.0002640132,0.004069177,0.00371356,0.0001268558,0.0001009162,0.000470544,6.330077E-05,0.001038381,0.0007289584,0.0890862,0.8017023,7.614566E-05,0.09815735
162,0.0004125633,0.0002696489,0.004172633,0.003774705,0.0001299317,0.0001016895,0.0004784921,6.244586E-05,0.001047876,0.0007531784,0.09077804,0.8015974,7.23382E-05,0.09634905
163,0.0004205087,0.0002737758,0.004252172,0.003814105,0.0001323123,0.0001014789,0.000482771,6.128057E-05,0.001050111,0.000771194,0.09182005,0.8005674,7.28339E-05,0.09618001
164,0.0004362838,0.0002829732,0.004411749,0.003917055,0.0001369948,0.0001025425,0.0004903571,5.994295E-05,0.001056847,0.0008019001,0.09344199,0.8002572,6.737777E-05,0.09453678
165,0.0004479972,0.0002896342,0.004530517,0.003982896,0.0001404815,0.0001020556,0.0004923219,5.820698E-05,0.00105407,0.0008227224,0.09414522,0.80028,6.607053E-05,0.09358776
166,0.0004627143,0.0002982906,0.004680031,0.004069907,0.00014485,0.0001014602,0.0004933098,5.606332E-05,0.001048553,0.0008466442,0.09472112,0.8008126,6.25328E-05,0.09220193
167,0.000462577,0.0002975734,0.004678919,0.004033266,0.0001448631,9.723265E-05,0.0004820663,5.342709E-05,0.001023013,0.0008412663,0.09321364,0.8008068,6.728426E-05,0.093798
168,0.0004705079,0.000301986,0.004759712,0.004062888,0.0001472396,9.44588E-05,0.0004759558,5.098524E-05,0.001006206,0.0008504855,0.09260695,0.8021574,6.281908E-05,0.09295244
169,0.000492147,0.0003160393,0.004991086,0.004285881,0.0001549932,9.70057E-05,0.0005142172,5.821441E-05,0.001091813,0.0008890769,0.1076348,0.7601809,8.975247E-05,0.1192041
170,0.0004627597,0.0002973364,0.004707886,0.0040849,0.0001466961,9.166762E-05,0.0005073121,6.159316E-05,0.001086239,0.000837508,0.105395,0.7552961,0.0001048135,0.1269203
171,0.0004421461,0.0002841592,0.004517681,0.003975857,0.000140885,9.147857E-05,0.000513878,6.700849E-05,0.001108274,0.0008059022,0.1056987,0.7521322,0.0001109065,0.1301109
172,0.0004311934,0.0002771674,0.004431393,0.003965128,0.0001378204,9.722367E-05,0.000532382,7.394709E-05,0.001153216,0.0007940186,0.1082802,0.7477385,0.0001152253,0.1319726
173,0.0004559975,0.0002928254,0.004717261,0.004254342,0.0001453619,0.0001140212,0.0005741445,8.062235E-05,0.001233486,0.0008478469,0.1153709,0.7441623,9.629523E-05,0.1276546
174,0.0004894341,0.0003140692,0.005096611,0.004606492,0.0001553612,0.0001347594,0.0006160701,8.618457E-05,0.001313691,0.000913879,0.1226191,0.7412707,8.462177E-05,0.1222991
175,0.0005413166,0.0003472435,0.005666785,0.005080716,0.0001709598,0.0001577293,0.0006583793,8.878912E-05,0.001386186,0.001006103,0.1299637,0.7402118,7.026068E-05,0.1146501
176,0.0006041839,0.0003877938,0.006349268,0.005604048,0.0001899207,0.0001786537,0.0006934222,8.861639E-05,0.001441628,0.001107506,0.1360473,0.7418647,5.789691E-05,0.1053851
177,0.0006618381,0.0004257228,0.006972658,0.006034622,0.0002074496,0.0001911245,0.0007077731,8.539882E-05,0.001458496,0.001185776,0.1385929,0.7445039,5.284096E-05,0.09891962
178,0.0006824973,0.0004409209,0.00720119,0.006117594,0.0002141007,0.0001869329,0.0006823794,7.880254E-05,0.001404364,0.00118653,0.134316,0.7457273,6.034947E-05,0.1017011
179,0.0006422367,0.0004173353,0.006782866,0.005687119,0.0002025096,0.0001644108,0.0006148816,7.038844E-05,0.001279826,0.001082162,0.1226259,0.7466979,7.8137E-05,0.1136542
180,0.0005879272,0.0003839483,0.006214128,0.005164799,0.0001865386,0.0001406841,0.0005523915,6.42871E-05,0.001170622,0.0009680355,0.1116764,0.7527561,8.345198E-05,0.1200507
181,0.000539413,0.0003544368,0.005717254,0.004785753,0.0001733628,0.000123665,0.0005304416,6.620097E-05,0.0011574,0.0008568041,0.1123275,0.7363262,0.0001020056,0.1369396
182,0.0004759993,0.0003142223,0.005064413,0.004303501,0.0001548603,0.0001083653,0.0005048032,6.841031E-05,0.001128389,0.0007421662,0.105632,0.7435324,0.0001131495,0.1378573
183,0.0004526439,0.0002996088,0.00484208,0.004181476,0.0001483895,0.0001074367,0.0005143514,7.353708E-05,0.001161568,0.0007029469,0.1058531,0.7468859,0.0001078344,0.1346691
184,0.0004283182,0.0002842819,0.004616264,0.004079489,0.0001413173,0.0001118288,0.000529831,8.05075E-05,0.001208092,0.0006675282,0.1072947,0.7450607,0.0001186517,0.1353785
185,0.0004127966,0.0002748313,0.004493707,0.004076468,0.0001367192,0.0001256851,0.0005548408,8.868066E-05,0.001271537,0.0006471415,0.1106162,0.7381172,0.0001330645,0.1390513
186,0.0004244651,0.0002832903,0.004677508,0.004325207,0.0001403431,0.0001577753,0.0005996107,9.726508E-05,0.001370172,0.0006695166,0.1177922,0.729854,0.0001259573,0.1394827
187,0.0004612225,0.000308344,0.005144692,0.004781359,0.0001516226,0.0002071562,0.0006568825,0.0001044865,0.001489611,0.000728554,0.127286,0.723938,0.0001047013,0.1346374
188,0.000527322,0.0003530326,0.00593536,0.005439216,0.0001721532,0.0002668825,0.0007219045,0.0001081651,0.001614555,0.0008246916,0.1377903,0.7230716,7.781421E-05,0.123097
189,0.0005978637,0.0004012,0.006773212,0.006050583,0.0001939885,0.000320596,0.0007709524,0.0001090277,0.001714535,0.0009161296,0.145201,0.7247481,6.527956E-05,0.1121376
190,0.000638278,0.0004306989,0.007253616,0.006292382,0.0002070675,0.0003381677,0.0007737683,0.0001042167,0.001719705,0.0009462032,0.1446764,0.7260975,7.034603E-05,0.1104517
191,0.0006590155,0.0004479115,0.007498214,0.006305547,0.0002144582,0.0003309742,0.0007497215,9.653525E-05,0.001669798,0.0009394718,0.1398247,0.7295152,7.168311E-05,0.1116768
192,0.0006323998,0.0004335646,0.007198837,0.005901875,0.0002072164,0.0002951599,0.0006902209,8.782426E-05,0.001554374,0.000867751,0.1293296,0.7353388,8.113822E-05,0.1173812
193,0.0005203964,0.0003588113,0.005911755,0.004718646,0.000171961,0.0002206236,0.0005406679,7.053986E-05,0.00124406,0.0006812257,0.09628949,0.789308,7.750763E-05,0.09988644
194,0.0004758906,0.0003293814,0.005395309,0.004212608,0.000158621,0.0001831072,0.0004804777,6.463398E-05,0.001126335,0.0006044923,0.0875708,0.8020215,7.361044E-05,0.09730323
195,0.0004352396,0.0003018737,0.004923775,0.003781987,0.0001464556,0.0001523214,0.0004369555,6.101883E-05,0.001040342,0.0005450523,0.08115871,0.8126734,7.277633E-05,0.09427008
196,0.0003963395,0.000275025,0.004473273,0.003401833,0.0001347801,0.0001269544,0.0004055587,5.920299E-05,0.0009769452,0.0004965646,0.07633552,0.819703,7.734322E-05,0.0931377
197,0.0003669813,0.0002543178,0.004132239,0.003128242,0.0001260869,0.0001089863,0.0003898788,5.943819E-05,0.0009440993,0.0004665793,0.07380003,0.8237262,8.080662E-05,0.092416
198,0.0003650674,0.0002521847,0.004102821,0.003090444,0.0001262429,0.0001021203,0.0003972485,6.14138E-05,0.0009556165,0.0004753545,0.07511538,0.8261316,7.082555E-05,0.08875372
199,0.0003757756,0.0002585743,0.004216666,0.003159504,0.0001304832,0.000100189,0.0004132758,6.36905E-05,0.0009833712,0.0005009644,0.07792306,0.8276709,6.169394E-05,0.08414185
200,0.0004051047,0.0002777578,0.004540786,0.003370881,0.0001408932,0.0001029274,0.0004359568,6.494774E-05,0.001019783,0.0005476816,0.08197182,0.8295138,4.950325E-05,0.07755811
201,0.0004277269,0.0002926261,0.004789627,0.003523845,0.0001491263,0.0001032471,0.0004464446,6.447739E-05,0.00103242,0.0005794693,0.08409002,0.8301124,4.793651E-05,0.07434072
202,0.0004288905,0.0002933329,0.004797269,0.003507716,0.0001503568,9.768325E-05,0.0004355762,6.166362E-05,0.001002123,0.0005762296,0.08265185,0.8284232,5.688962E-05,0.07751723
203,0.0004053032,0.0002773072,0.00452704,0.003306754,0.0001432552,8.736883E-05,0.0004092071,5.831123E-05,0.0009455984,0.0005396112,0.07848661,0.8263972,7.005212E-05,0.08434641
204,0.0003853508,0.0002635042,0.004297775,0.003144335,0.0001372142,7.960984E-05,0.0003917414,5.670655E-05,0.0009105145,0.0005124244,0.0757326,0.8269332,7.192801E-05,0.08708319
205,0.0003755009,0.0002567831,0.004188121,0.003097322,0.0001348277,7.651452E-05,0.0004005208,6.057577E-05,0.0009337798,0.0005162028,0.07897122,0.8149734,8.329017E-05,0.09593204
206,0.0003552252,0.000242778,0.003963203,0.00297841,0.0001284867,7.376431E-05,0.0004044808,6.437614E-05,0.0009452031,0.0005067697,0.0794777,0.8101398,9.463762E-05,0.1006252
207,0.0003468842,0.000236777,0.003874401,0.002966687,0.0001260088,7.650229E-05,0.0004225614,7.01968E-05,0.000984959,0.0005149579,0.08235237,0.8039613,0.0001000979,0.1039663
208,0.0003534705,0.000240839,0.003956286,0.003082853,0.0001284516,8.57086E-05,0.0004538729,7.722306E-05,0.001049654,0.0005450686,0.08759467,0.796854,9.758313E-05,0.1054802
209,0.0003662996,0.0002491815,0.004111643,0.00325327,0.0001328787,9.937045E-05,0.0004889921,8.431197E-05,0.001121285,0.0005828558,0.09357645,0.7887294,9.665953E-05,0.1071073
210,0.0003901486,0.0002650145,0.004393362,0.00350568,0.0001410093,0.0001176853,0.0005275374,9.045169E-05,0.001196835,0.0006350719,0.1002808,0.7811403,8.960653E-05,0.1072266
211,0.0004364381,0.0002959898,0.004928172,0.003918202,0.0001568966,0.0001413116,0.0005738403,9.474267E-05,0.001280643,0.0007190059,0.1084228,0.7779864,6.977913E-05,0.1009757
212,0.0004937974,0.000334636,0.005586724,0.004387687,0.0001766401,0.0001646508,0.0006153627,9.674466E-05,0.001354125,0.0008130996,0.1158122,0.7782235,5.481879E-05,0.09188595
213,0.0005524218,0.0003747676,0.006255545,0.004824491,0.0001971226,0.0001810649,0.0006402925,9.518701E-05,0.001393317,0.0008968991,0.1204816,0.7798427,4.731995E-05,0.0842173
214,0.000595184,0.0004051642,0.006740023,0.005096747,0.0002125948,0.000184905,0.0006368239,8.971008E-05,0.00137673,0.0009416125,0.1205048,0.7813718,4.76873E-05,0.08179616
215,0.0006050822,0.0004140939,0.006848466,0.005087731,0.0002170571,0.0001742371,0.000600496,8.124796E-05,0.001299548,0.0009263997,0.1150959,0.782745,5.389913E-05,0.08585083
216,0.0005385575,0.0003710162,0.006088121,0.004484375,0.0001950614,0.000142394,0.0005160336,7.041285E-05,0.001137075,0.0007984028,0.1011448,0.7839518,7.897284E-05,0.100483
217,0.0004729179,0.0003276081,0.005337617,0.003956062,0.0001734185,0.0001165143,0.000467705,6.463442E-05,0.001063641,0.0006891267,0.0960935,0.7721188,0.000100755,0.1190178
218,0.0004057491,0.0002818565,0.004573114,0.003444525,0.0001504861,9.631013E-05,0.0004333784,6.244502E-05,0.001011007,0.0005948141,0.08916777,0.7793518,0.0001094962,0.1203173
219,0.0003693374,0.0002566304,0.004161881,0.003208826,0.0001379946,8.942439E-05,0.0004349453,6.540569E-05,0.001026916,0.0005555049,0.08862925,0.7812054,0.000113994,0.1197445
220,0.0003559936,0.0002471093,0.004018976,0.003185177,0.0001333038,9.439852E-05,0.0004612091,7.147123E-05,0.00108962,0.0005539884,0.09261671,0.7766491,0.0001183121,0.1204046
221,0.000368541,0.0002553756,0.004177297,0.003387233,0.0001374853,0.0001129945,0.0005068897,7.828342E-05,0.001186924,0.0005920702,0.1004042,0.7684651,0.0001106236,0.1202169
222,0.0003854561,0.000266843,0.004392845,0.003631887,0.0001429411,0.0001399774,0.0005528072,8.479716E-05,0.001285161,0.0006335812,0.1084125,0.7580795,0.0001107598,0.1218809
223,0.0004238408,0.0002931677,0.004856104,0.004034169,0.000155915,0.0001782215,0.0006053329,8.901113E-05,0.001391008,0.0007051972,0.1177684,0.7498826,9.453118E-05,0.1195223
224,0.0004880373,0.0003374485,0.005611764,0.004606904,0.000178133,0.0002237357,0.0006635119,9.002371E-05,0.001500355,0.0008109542,0.1280536,0.748244,6.898816E-05,0.1091225
225,0.0005348876,0.0003704533,0.006165355,0.00497616,0.0001942486,0.000255679,0.0006902987,8.877654E-05,0.001558389,0.00087772,0.1328342,0.7462561,6.863521E-05,0.1051291
226,0.0005558454,0.0003867382,0.006409038,0.005071715,0.0002020035,0.0002617025,0.0006800337,8.332587E-05,0.001536795,0.0008905529,0.1311395,0.744054,7.660519E-05,0.1086521
227,0.0005524093,0.0003865813,0.006366726,0.00494584,0.0002014456,0.0002502627,0.0006472568,7.714709E-05,0.001473636,0.0008622417,0.1255829,0.7445217,8.208748E-05,0.1140498
228,0.0005171245,0.0003641981,0.005955509,0.004570004,0.0001897378,0.0002235209,0.0005967903,7.181616E-05,0.001378917,0.0007895456,0.1168608,0.7476303,9.328978E-05,0.1207585
229,0.0004540679,0.0003218886,0.005226666,0.004018753,0.0001678273,0.0001896628,0.0005511662,7.348532E-05,0.001286907,0.00066984,0.1080863,0.7480466,0.000118307,0.1307885
