"<HEADER software/>"
EwEVersion,"6.7.0.17868 (compiled 5/31/2022)"
Date,"8/7/2023 5:44:24 PM"
"<HEADER ecopath/>"
ModelName,1
"<HEADER ecosim/>"
EcosimScenario,sim-spa_01
TimeSeries,TS_updated_IB13
StartYear,1980
"<HEADER end/>"

Data,"Prey of Cephalopod"

timestep\group,"Reef invertebrate feeders","Demersal coastal invertebrate feeders","Coastal omnivores","Reef omnivores",Sardine-herring-scad,Anchovy-silverside-killifish,Cephalopod,"Mobile epifauna",Zooplankton,Infauna,Detritus,
1,0.0004511325,0.0003201641,3.165505E-05,0.0001130499,0.00180831,0.02654664,0.009123919,0.1698346,0.6793103,0.02021435,0.09224602
2,0.0003839839,0.0002748597,2.702482E-05,9.774329E-05,0.001589948,0.02326746,0.008388673,0.1534034,0.7109995,0.01746956,0.08409788
3,0.0002846732,0.0002053363,2.007276E-05,7.438338E-05,0.001257181,0.01813643,0.007214461,0.127594,0.7629433,0.01351038,0.06875991
4,0.0002361332,0.0001716465,1.663332E-05,6.347834E-05,0.001162682,0.01597982,0.007696806,0.1202389,0.7894889,0.01065161,0.05429349
5,0.000218784,0.0001604369,1.537424E-05,6.041813E-05,0.001226485,0.01566672,0.009551093,0.1254205,0.7947206,0.008915425,0.04404415
6,0.0002406899,0.0001783363,1.688214E-05,6.760794E-05,0.001491814,0.01773832,0.01311937,0.1454649,0.7733382,0.008523499,0.03982038
7,0.0003016999,0.0002259923,2.116337E-05,8.534625E-05,0.00196884,0.02223285,0.01841539,0.1798739,0.7270049,0.009275623,0.04059429
8,0.0003923904,0.0002972047,2.762249E-05,0.0001110872,0.002560433,0.02828434,0.02396005,0.2203497,0.666756,0.0109096,0.0463515
9,0.0005303866,0.0004061828,3.759105E-05,0.0001492211,0.003299996,0.03665603,0.02928577,0.2673373,0.5923502,0.01355174,0.05639553
10,0.0007233502,0.000559641,5.174159E-05,0.0002013841,0.004181434,0.04747835,0.03413177,0.3209119,0.5024308,0.01752768,0.07180192
11,0.000924529,0.0007220767,6.690175E-05,0.0002544998,0.004891935,0.05754025,0.03595028,0.3629024,0.4171797,0.02269389,0.09687341
12,0.001259643,0.0009922577,9.229972E-05,0.0003405777,0.006026577,0.07366029,0.03931053,0.4220584,0.3073128,0.02951086,0.1194358
13,0.001538556,0.001209535,0.0001142077,0.0004092446,0.006327184,0.08373933,0.03650448,0.4337272,0.2257028,0.04083235,0.1698951
14,0.0015381,0.001206243,0.0001157482,0.0004035724,0.005797516,0.08003104,0.02941935,0.4030834,0.1914729,0.04945802,0.2374741
15,0.001499219,0.001171468,0.0001140609,0.0003879775,0.00522858,0.07514702,0.02345247,0.373807,0.1728133,0.05849108,0.2878878
16,0.001297762,0.001009118,9.951367E-05,0.0003327604,0.004238471,0.06369838,0.01691869,0.326245,0.195573,0.06592561,0.3246616
17,0.0009883739,0.000763384,7.600452E-05,0.0002524713,0.003066781,0.04836585,0.01105151,0.2633835,0.2824943,0.06637627,0.3231815
18,0.0007342855,0.0005627149,5.631212E-05,0.0001871381,0.002205539,0.03623592,0.00741713,0.2075484,0.4209626,0.05790957,0.2661802
19,0.0005843861,0.0004440656,4.452348E-05,0.0001486334,0.001736817,0.02936512,0.005713302,0.1735877,0.5340941,0.04823006,0.2060513
20,0.0005533608,0.0004171026,4.183971E-05,0.0001399751,0.001647805,0.02829237,0.005474923,0.1668468,0.5844995,0.04307193,0.1690144
21,0.0005921818,0.0004429751,4.448247E-05,0.0001484141,0.00177065,0.03063991,0.005997691,0.1758985,0.5937431,0.04143373,0.1492884
22,0.00061436,0.0004562486,4.59625E-05,0.0001525575,0.001838924,0.03213295,0.006312481,0.180286,0.5913659,0.04020502,0.1465896
23,0.0006700872,0.0004944342,5.004717E-05,0.0001644155,0.001986976,0.0351187,0.00677771,0.1898899,0.57031,0.04120785,0.15333
24,0.0006494887,0.0004760825,4.849863E-05,0.0001579058,0.001905832,0.03425767,0.006428466,0.1827914,0.566429,0.04068995,0.1661658
25,0.000644305,0.0004640456,4.794131E-05,0.0001545149,0.001694197,0.03259515,0.005525515,0.1644654,0.5184751,0.05163983,0.2242939
26,0.000600244,0.0004245599,4.4413E-05,0.0001420592,0.0015561,0.03027543,0.0049471,0.1548055,0.5215811,0.05276595,0.2328576
27,0.0005529632,0.0003839204,4.059476E-05,0.0001292136,0.001421538,0.0279473,0.004465938,0.1459161,0.5392016,0.05230462,0.2276362
28,0.0005462018,0.0003722529,3.972117E-05,0.0001258988,0.001398118,0.02767448,0.004386711,0.1457408,0.5494013,0.0524049,0.2179095
29,0.0005247889,0.0003511882,3.777981E-05,0.0001194708,0.001342876,0.02675719,0.004244671,0.1429055,0.5651711,0.05101822,0.2075273
30,0.0005370614,0.0003531751,3.827205E-05,0.0001206604,0.001374567,0.0274968,0.004380828,0.146682,0.5669218,0.05084909,0.2012458
31,0.0005910327,0.0003823006,4.171706E-05,0.0001308504,0.001509223,0.03024448,0.004819264,0.1583346,0.553988,0.05278331,0.1971751
32,0.0006673271,0.0004250358,4.672329E-05,0.000145459,0.001692057,0.03397887,0.005347494,0.1728032,0.5299904,0.05611502,0.1987884
33,0.0007830356,0.00049165,5.450455E-05,0.0001677795,0.001956591,0.03940989,0.006001762,0.1915628,0.4915551,0.061638,0.2063788
34,0.0009011711,0.0005582514,6.250451E-05,0.0001896919,0.00220699,0.04468868,0.00646949,0.2070582,0.4469098,0.06809481,0.2228605
35,0.0008552523,0.0005233018,5.923656E-05,0.0001773518,0.002049955,0.04202366,0.005691566,0.1916168,0.4213741,0.06974725,0.2658814
36,0.000743772,0.0004493282,5.136358E-05,0.0001521812,0.001752145,0.03644382,0.004648707,0.1680801,0.4240243,0.06902757,0.2946267
37,0.0005625621,0.0003384987,3.873644E-05,0.0001147832,0.0014193,0.02908453,0.003780539,0.145282,0.5449355,0.0501489,0.2242946
38,0.0004373729,0.0002618468,2.994045E-05,8.936145E-05,0.001132705,0.02356766,0.003208758,0.1227321,0.6315276,0.03973646,0.1772761
39,0.0003403035,0.0002025693,2.311468E-05,7.009372E-05,0.0009334924,0.01945638,0.003002095,0.106604,0.7081084,0.02957346,0.1316861
40,0.0002709078,0.0001603475,1.823946E-05,5.662505E-05,0.0008186791,0.01671284,0.003187494,0.09708755,0.7659075,0.02110321,0.09467669
41,0.0002247143,0.000132395,1.499052E-05,4.791302E-05,0.0007819039,0.01513439,0.003879475,0.09416771,0.8034282,0.01491481,0.06727359
42,0.0002192149,0.0001288728,1.449288E-05,4.748373E-05,0.0008949889,0.01590334,0.005662024,0.1044893,0.8092582,0.01177695,0.05160524
43,0.000253732,0.000149218,1.665758E-05,5.52737E-05,0.001170631,0.0191001,0.008775351,0.1274716,0.7877663,0.01094094,0.04430019
44,0.0003439014,0.0002025468,2.248255E-05,7.45705E-05,0.001694645,0.02590015,0.01387245,0.1684997,0.7336558,0.01204601,0.04368786
45,0.0004953961,0.0002924403,3.240181E-05,0.0001061284,0.002445523,0.03619757,0.02012149,0.2215828,0.6558843,0.01464972,0.04819229
46,0.0006559014,0.0003882889,4.313796E-05,0.0001386339,0.003106209,0.04587929,0.02423418,0.2628876,0.5815517,0.01802302,0.06309205
47,0.0006931773,0.0004119074,4.602025E-05,0.0001454204,0.00309303,0.04669616,0.02213695,0.2600951,0.5480714,0.02133334,0.09727749
48,0.0007354072,0.0004382159,4.915825E-05,0.0001532204,0.003100079,0.04791944,0.02031741,0.2636191,0.5105978,0.0257826,0.1272876
49,0.0008399489,0.0004960326,5.629746E-05,0.000173442,0.002969189,0.05085601,0.01774968,0.2567631,0.4570407,0.03757322,0.1754824
50,0.0008251008,0.0004829964,5.532954E-05,0.0001691136,0.002786083,0.04852562,0.01520245,0.2483317,0.4482065,0.0428821,0.192533
51,0.0007790361,0.0004520889,5.215365E-05,0.0001586761,0.00252873,0.04481607,0.01267019,0.233676,0.4567375,0.04619244,0.201937
52,0.000712409,0.0004098506,4.751113E-05,0.0001444185,0.002242728,0.04040028,0.01044587,0.2153126,0.4844235,0.04697099,0.1988897
53,0.0006597372,0.0003762477,4.375566E-05,0.0001331844,0.002032998,0.03708965,0.008946307,0.2007193,0.5161406,0.04616439,0.1876938
54,0.0006553122,0.0003704567,4.319166E-05,0.0001315899,0.001988703,0.0365551,0.008379327,0.1972629,0.5327195,0.04584664,0.1760473
55,0.0007191113,0.000402961,4.713103E-05,0.0001432298,0.002147942,0.0396239,0.008683988,0.2077329,0.5248786,0.04765944,0.1679607
56,0.0008543544,0.0004745237,5.578789E-05,0.0001682713,0.002497799,0.04620001,0.009609891,0.22988,0.4933353,0.05206891,0.1648553
57,0.0009810298,0.0005402403,6.399963E-05,0.0001909645,0.002792734,0.05198352,0.01010804,0.2456494,0.4531198,0.05714818,0.1774222
58,0.00100641,0.0005499077,6.577364E-05,0.0001938531,0.002778781,0.05238383,0.009344409,0.2385744,0.4215292,0.06073158,0.2128418
59,0.0009745301,0.0005283228,6.38081E-05,0.0001858443,0.00261525,0.05003238,0.008176727,0.2235159,0.4000482,0.06391953,0.2499395
60,0.000881717,0.0004742687,5.777716E-05,0.0001667439,0.002312132,0.0449732,0.006779511,0.201466,0.4084333,0.0651789,0.2692764
61,0.000781191,0.0004185241,5.119227E-05,0.0001468649,0.002073126,0.04040903,0.005812519,0.1856583,0.4539084,0.06000847,0.2507324
62,0.0006362718,0.0003394893,4.163197E-05,0.0001193904,0.001682647,0.03341825,0.004626519,0.1581731,0.5182276,0.05392422,0.228811
63,0.0005304443,0.000281686,3.459066E-05,9.954622E-05,0.00141637,0.028508,0.003949924,0.1387273,0.5813897,0.04681109,0.1982513
64,0.0004773499,0.0002521593,3.098168E-05,8.966685E-05,0.001303727,0.02638079,0.003809733,0.1307664,0.6265153,0.04104115,0.1693327
65,0.0004753227,0.0002497332,3.069387E-05,8.92653E-05,0.001336057,0.02696951,0.004149743,0.1339895,0.6456313,0.03774451,0.1493345
66,0.0005308409,0.0002774493,3.413132E-05,9.933425E-05,0.001527074,0.03062456,0.004978182,0.1490316,0.6353572,0.03764865,0.139891
67,0.0006433638,0.0003346118,4.125943E-05,0.0001195123,0.001867892,0.03726066,0.006205187,0.1741004,0.5987796,0.04059123,0.1400563
68,0.000791225,0.0004096699,5.073362E-05,0.0001455329,0.00228227,0.04552539,0.00747296,0.2023573,0.5435448,0.04575981,0.1516603
69,0.0009256444,0.0004773643,5.94946E-05,0.0001683899,0.002619124,0.05260221,0.008211803,0.2227107,0.4821029,0.0518688,0.1782535
70,0.000943427,0.0004849973,6.08839E-05,0.000170005,0.002606051,0.05309115,0.007706445,0.2194027,0.4346364,0.05667132,0.2242264
71,0.0008438433,0.0004326294,5.462472E-05,0.0001510513,0.002282507,0.04740957,0.006379147,0.1979716,0.4213594,0.05919339,0.2639222
72,0.0008234009,0.0004206086,5.331477E-05,0.0001461689,0.002190183,0.04619703,0.005844935,0.1929733,0.4149207,0.06261627,0.273814
73,0.000740466,0.0003756644,4.78796E-05,0.0001307912,0.001959047,0.04194517,0.005074151,0.179233,0.4461401,0.06164645,0.2627074
74,0.0006714212,0.0003381904,4.328832E-05,0.0001180739,0.001769119,0.03846036,0.004507778,0.1669277,0.4788758,0.05926234,0.249026
75,0.0006202979,0.0003100728,3.982298E-05,0.0001086698,0.001637557,0.03603983,0.004173837,0.1582015,0.51254,0.05597023,0.2303581
76,0.0005890091,0.0002921021,3.762636E-05,0.0001028182,0.001565709,0.03476628,0.004048288,0.1533547,0.5409298,0.05258695,0.2117267
77,0.0005476738,0.000269489,3.480984E-05,9.539897E-05,0.001473218,0.03294945,0.003912327,0.146447,0.5714887,0.04819046,0.1945914
78,0.0005560161,0.0002713315,3.515654E-05,9.646024E-05,0.001515153,0.03396314,0.004148994,0.149477,0.5816543,0.04609646,0.182186
79,0.0006302277,0.0003047924,3.966167E-05,0.0001084818,0.001729623,0.03872149,0.004823789,0.1646458,0.5685151,0.04729782,0.1731833
80,0.0007546836,0.0003615137,4.733538E-05,0.0001284891,0.002068398,0.04624187,0.005766038,0.187365,0.5345132,0.05113003,0.1716234
81,0.0007576066,0.0003600494,4.750432E-05,0.0001279023,0.002059451,0.0463787,0.005626407,0.1836805,0.5149934,0.05188263,0.1940859
82,0.0007047934,0.0003324347,4.418244E-05,0.0001180913,0.001898742,0.0432048,0.005066286,0.1701901,0.5094901,0.05145731,0.2174933
83,0.0006186443,0.0002897059,3.872314E-05,0.0001031254,0.001663249,0.03826921,0.004404828,0.1531225,0.5348411,0.04912726,0.2175216
84,0.0005817803,0.0002702822,3.628742E-05,9.642641E-05,0.00157177,0.03638675,0.004209693,0.1468773,0.5582832,0.04722542,0.2044612
85,0.0005484917,0.0002533579,3.406396E-05,9.04475E-05,0.001510755,0.03493721,0.004168578,0.1432143,0.5879008,0.04363051,0.1837115
86,0.0004863343,0.0002235326,3.007834E-05,8.004525E-05,0.001365516,0.03166151,0.003937541,0.1328436,0.6236488,0.03889148,0.1668316
87,0.0004482917,0.0002050121,2.759493E-05,7.370101E-05,0.001293994,0.02990054,0.003967658,0.1278559,0.6515596,0.03469449,0.1499732
88,0.0004545619,0.0002067615,2.783463E-05,7.452376E-05,0.001354867,0.0309662,0.00445163,0.1329852,0.6617315,0.0324061,0.1353408
89,0.0004853337,0.000219586,2.957527E-05,7.920987E-05,0.001489927,0.03357338,0.005202711,0.1433748,0.658262,0.03146188,0.1258215
90,0.0005485933,0.0002468917,3.330614E-05,8.885111E-05,0.001714346,0.03811919,0.006206366,0.1592861,0.6380896,0.03220231,0.1234644
91,0.0006791384,0.0003037768,4.113973E-05,0.0001085837,0.002119876,0.04666762,0.007678404,0.1854922,0.5967421,0.03541374,0.1247534
92,0.0008568373,0.0003806852,5.188301E-05,0.0001348144,0.002635163,0.05771403,0.00930008,0.2165595,0.5385522,0.04070231,0.1331125
93,0.001095353,0.0004829982,6.647157E-05,0.0001690499,0.003268746,0.07165838,0.01089433,0.2498838,0.4679701,0.04794359,0.1465671
94,0.001305578,0.0005712903,7.960523E-05,0.000197472,0.003754343,0.0828481,0.0115968,0.2705414,0.3929209,0.05618809,0.1799966
95,0.001346494,0.0005850743,8.263721E-05,0.000199752,0.003724724,0.08321871,0.01054493,0.2608926,0.3291385,0.06346428,0.2468023
96,0.001121831,0.0004849462,6.924546E-05,0.0001638241,0.003001676,0.06835846,0.00781701,0.2177386,0.3112201,0.06796926,0.3220551
97,0.0007187205,0.0003131451,4.460686E-05,0.0001048305,0.002073079,0.04647841,0.005171609,0.1694922,0.4752129,0.04970394,0.2506865
98,0.0004577149,0.0002009599,2.841111E-05,6.723845E-05,0.00135305,0.03107317,0.003526787,0.1228673,0.6316792,0.03557237,0.1731738
99,0.0003162633,0.0001399365,1.956644E-05,4.731911E-05,0.001014586,0.0232185,0.003097467,0.1000699,0.7364309,0.02383427,0.1118112
100,0.0002987678,0.0001330456,1.838259E-05,4.526064E-05,0.001074425,0.02357228,0.004041015,0.1058895,0.7649028,0.01856903,0.08145545
101,0.000359076,0.0001605645,2.194223E-05,5.444082E-05,0.001437435,0.02964988,0.006477877,0.1333441,0.7457852,0.01733604,0.06537357
102,0.0004858929,0.0002179948,2.9588E-05,7.306993E-05,0.002057201,0.04053385,0.01018075,0.175912,0.6918769,0.01869964,0.05993305
103,0.0006803069,0.0003058295,4.145709E-05,0.0001006032,0.002872364,0.05550944,0.01430992,0.2247727,0.6177716,0.02183451,0.06180131
104,0.0009437674,0.0004243507,5.777396E-05,0.0001364114,0.003824245,0.07391661,0.01812305,0.2738698,0.5312046,0.02643016,0.07106914
105,0.001249296,0.0005610078,7.708752E-05,0.0001760104,0.004768266,0.0933109,0.02082289,0.3158219,0.4379056,0.03252589,0.0927812
106,0.001456361,0.0006529692,9.082976E-05,0.0002001134,0.005204078,0.1040527,0.02057307,0.3291164,0.3526656,0.03985986,0.146128
107,0.001316754,0.0005903445,8.305783E-05,0.0001773657,0.004426075,0.09127375,0.01575616,0.2869006,0.3185391,0.04684046,0.2340963
108,0.0009059045,0.0004071497,5.755559E-05,0.0001209626,0.002912372,0.0625321,0.009474996,0.2134598,0.3866389,0.0494744,0.2740158
109,0.0007357268,0.0003281574,4.657462E-05,9.699012E-05,0.002045954,0.04794594,0.006232269,0.1633822,0.4009247,0.06268812,0.3155734
110,0.000564153,0.0002497264,3.540176E-05,7.375912E-05,0.001548746,0.03676141,0.004568709,0.136803,0.4988791,0.05802526,0.2624908
111,0.0004575086,0.0002006959,2.837387E-05,5.941867E-05,0.001260223,0.03005734,0.003758548,0.1196648,0.5852338,0.04991955,0.2093598
112,0.0004111505,0.000178502,2.517212E-05,5.309128E-05,0.001153668,0.02737486,0.003615736,0.1138391,0.640947,0.04301897,0.1693829
113,0.0003835415,0.0001648197,2.319475E-05,4.933464E-05,0.001109461,0.02599653,0.003746982,0.1118369,0.678948,0.03688703,0.1408542
114,0.0003710884,0.0001579649,2.219628E-05,4.760686E-05,0.001114043,0.02561915,0.004090888,0.1130355,0.7006895,0.03215423,0.1226978
115,0.0004252928,0.0001792166,2.517872E-05,5.41774E-05,0.001315011,0.02950138,0.005151859,0.1285065,0.6904284,0.03149064,0.1129224
116,0.0004959837,0.0002071073,2.911518E-05,6.267019E-05,0.001565707,0.03433238,0.006407406,0.147121,0.6669429,0.03224226,0.1105935
117,0.0005867589,0.0002430419,3.423559E-05,7.337939E-05,0.00185508,0.04005191,0.007623512,0.1664906,0.6308307,0.03449793,0.1177128
118,0.00070559,0.0002900342,4.099378E-05,8.713877E-05,0.002201352,0.04709347,0.008821352,0.1882242,0.5817154,0.03855244,0.132268
119,0.0008635327,0.0003522465,5.002684E-05,0.0001050773,0.002628141,0.0560037,0.01002933,0.2137256,0.5181169,0.04483449,0.1532909
120,0.0009574094,0.0003880849,5.539835E-05,0.0001148512,0.002825071,0.06039806,0.01009618,0.2240702,0.4582004,0.05128593,0.1916084
121,0.0009521108,0.0003837057,5.498816E-05,0.0001126851,0.002636654,0.0578512,0.008725243,0.2103607,0.4012512,0.06081149,0.2568601
122,0.0008674553,0.0003479917,4.990821E-05,0.0001014188,0.002335801,0.05170548,0.007196952,0.1925192,0.391497,0.06501985,0.288359
123,0.0007814412,0.0003121478,4.467564E-05,9.033608E-05,0.002059573,0.04597555,0.005988653,0.176742,0.4119915,0.06676637,0.2892478
124,0.0006906308,0.00027476,3.915876E-05,7.906074E-05,0.001795332,0.04037204,0.005017463,0.1608759,0.4556377,0.06496875,0.2702493
125,0.0006020548,0.0002385763,3.381971E-05,6.838037E-05,0.001556935,0.035201,0.004276697,0.1453215,0.5108259,0.05998697,0.241888
126,0.0005738319,0.0002261944,3.19129E-05,6.463765E-05,0.001486226,0.0335951,0.004092105,0.1407016,0.5473603,0.05617936,0.2156886
127,0.0006049639,0.0002368933,3.331341E-05,6.747569E-05,0.001571977,0.03535872,0.004365837,0.1467418,0.5598803,0.05510179,0.1960369
128,0.0006777892,0.000263471,3.700236E-05,7.473266E-05,0.001761107,0.03935764,0.004896605,0.1590572,0.5512481,0.05635398,0.1862724
129,0.0007753905,0.0002991675,4.20483E-05,8.438955E-05,0.002000687,0.04448925,0.005471572,0.1731092,0.5257604,0.05941701,0.188551
130,0.0008873502,0.0003398126,4.789199E-05,9.519004E-05,0.002257826,0.05007835,0.005961336,0.1864009,0.4880323,0.06402447,0.2018746
131,0.0009393076,0.0003574142,5.055388E-05,9.933766E-05,0.002348298,0.05216525,0.005914199,0.1881097,0.4505566,0.06789799,0.2315613
132,0.0008616933,0.0003265549,4.629699E-05,9.003262E-05,0.00211831,0.0473829,0.005081065,0.1711335,0.4318188,0.06870863,0.2724322
133,0.0007242235,0.0002743396,3.886356E-05,7.517173E-05,0.001836626,0.0407002,0.004300627,0.1547454,0.4813172,0.05940891,0.2565785
134,0.0005947198,0.0002253702,3.182746E-05,6.154659E-05,0.001517729,0.03400275,0.003584048,0.1348321,0.5419337,0.0528798,0.2303365
135,0.0004938331,0.0001872683,2.632737E-05,5.114705E-05,0.00128824,0.02901641,0.003194335,0.1202963,0.6080028,0.04490237,0.192541
136,0.0004197247,0.0001593172,2.22842E-05,4.367327E-05,0.001139634,0.02558975,0.003092401,0.1108028,0.6661139,0.03684234,0.1557743
137,0.0003873879,0.000147138,2.047914E-05,4.054679E-05,0.001112217,0.02459081,0.003400682,0.1099054,0.7019547,0.03080259,0.1276381
138,0.0004163326,0.0001580364,2.190333E-05,4.365456E-05,0.001264685,0.02722458,0.004330099,0.1220452,0.70563,0.02830701,0.1105585
139,0.0005064111,0.0001918539,2.652158E-05,5.286759E-05,0.001598443,0.03345744,0.005887016,0.1458278,0.6817631,0.02887283,0.1018158
140,0.0006576009,0.0002484451,3.432853E-05,6.80073E-05,0.002107505,0.04314591,0.007982053,0.1796412,0.6306835,0.03211815,0.1033132
141,0.0008624242,0.0003246844,4.498096E-05,8.795771E-05,0.002729916,0.05527728,0.01009995,0.2158333,0.5649883,0.03728158,0.1124697
142,0.001005532,0.0003775596,5.256189E-05,0.000101118,0.003097505,0.06274486,0.01084724,0.2326524,0.5039366,0.0424623,0.1427222
143,0.0009850812,0.0003696923,5.170202E-05,9.792412E-05,0.00294154,0.06018263,0.009611047,0.2197062,0.4634907,0.04660745,0.1959559
144,0.0009045412,0.0003396215,4.759079E-05,8.904892E-05,0.002632601,0.05451018,0.008076674,0.2012084,0.4531277,0.0499447,0.2291189
145,0.0008075205,0.0003043349,4.254314E-05,7.894126E-05,0.002398707,0.04920783,0.007058701,0.1893512,0.4908326,0.04691632,0.2130013
146,0.0006593115,0.0002498081,3.474905E-05,6.435741E-05,0.001954848,0.04063421,0.005664451,0.1629517,0.5518486,0.04277508,0.1931628
147,0.0005662692,0.0002156086,2.981515E-05,5.52976E-05,0.001700079,0.03552404,0.005007279,0.1472006,0.6029835,0.03800618,0.1687113
148,0.0005194393,0.0001986514,2.729891E-05,5.079917E-05,0.001599675,0.0333064,0.004924482,0.1413269,0.6383117,0.03395903,0.1457756
149,0.0005087735,0.000195308,2.668436E-05,4.980333E-05,0.001617106,0.03330779,0.005267612,0.1430519,0.6556063,0.03113726,0.1292313
150,0.0005167684,0.0001990673,2.706401E-05,5.058734E-05,0.001693755,0.03440075,0.005821505,0.1483306,0.6600592,0.02932185,0.1195789
151,0.0005090577,0.0001969085,2.665593E-05,4.987709E-05,0.001715689,0.03439337,0.006172764,0.1494608,0.6650977,0.02750213,0.114875
152,0.0005714983,0.0002215678,2.990761E-05,5.572431E-05,0.001957342,0.03865148,0.007232493,0.1645852,0.6445556,0.02815097,0.1139882
153,0.0006569159,0.0002550653,3.437547E-05,6.357593E-05,0.002264678,0.04416209,0.00845149,0.183331,0.6148036,0.029975,0.1160023
154,0.0007171347,0.0002789332,3.758737E-05,6.883501E-05,0.002457058,0.04768787,0.009042383,0.1936773,0.587249,0.03193776,0.1268463
155,0.0006599405,0.0002576952,3.471819E-05,6.309468E-05,0.002238572,0.04367449,0.008031094,0.1788131,0.5910293,0.03188135,0.1433166
156,0.000555116,0.0002178685,2.928905E-05,5.310731E-05,0.001885162,0.03696853,0.006709551,0.1565291,0.6234074,0.02990316,0.1437418
157,0.0006047473,0.000235483,3.185379E-05,5.742821E-05,0.001776737,0.0377886,0.006173783,0.148637,0.5722445,0.04242209,0.1900276
158,0.0006038268,0.0002333775,3.170678E-05,5.694141E-05,0.001764787,0.03729463,0.006015479,0.1491856,0.5738881,0.04471191,0.1862137
159,0.0006018418,0.0002309382,3.148612E-05,5.633978E-05,0.001750846,0.03677628,0.005857408,0.1489523,0.5749172,0.04608792,0.1847374
160,0.0005989299,0.0002282384,3.120815E-05,5.565542E-05,0.001736024,0.03625203,0.005709798,0.1482982,0.5766203,0.04683624,0.1836335
161,0.0006143244,0.0002324433,3.187006E-05,5.662859E-05,0.001774852,0.03681652,0.005744508,0.1508794,0.573746,0.04791334,0.1821901
162,0.0006389805,0.000240062,3.300557E-05,5.840273E-05,0.001839073,0.03789718,0.005849461,0.1547698,0.567695,0.04923877,0.1817402
163,0.0006583229,0.000245674,3.387277E-05,5.965738E-05,0.001885152,0.03863572,0.00587195,0.1570386,0.5606812,0.05041501,0.1844748
164,0.0007030682,0.0002604973,3.603838E-05,6.309139E-05,0.001998357,0.04072891,0.006062727,0.1630888,0.5453748,0.05272134,0.1889625
165,0.0007420809,0.0002730583,3.791555E-05,6.592236E-05,0.002089803,0.04241872,0.006145181,0.1673559,0.530035,0.05515596,0.1956804
166,0.0007964984,0.0002909718,4.057916E-05,6.996886E-05,0.002216393,0.04483721,0.006273114,0.1731841,0.5083228,0.05854648,0.2054219
167,0.0008135561,0.0002953018,4.136082E-05,7.069595E-05,0.00223467,0.04517214,0.006063478,0.1723092,0.4921504,0.06114472,0.2197046
168,0.0008568779,0.0003088408,4.346406E-05,7.356147E-05,0.002320419,0.04685836,0.006013491,0.1752979,0.4701897,0.06499896,0.2330385
169,0.0007413108,0.0002689553,3.762168E-05,6.321783E-05,0.002168097,0.04205603,0.005498902,0.1676437,0.5331988,0.05050164,0.1978217
170,0.0006188413,0.0002261393,3.142413E-05,5.263634E-05,0.001819622,0.03561568,0.004623351,0.1458809,0.5806024,0.04445983,0.1860691
171,0.000514659,0.0001894902,2.614009E-05,4.384672E-05,0.001546571,0.03036753,0.004085873,0.1288688,0.6362305,0.03772434,0.1604023
172,0.0004343546,0.0001611725,2.206511E-05,3.722024E-05,0.001360357,0.02654903,0.003892603,0.1172872,0.6871336,0.03109706,0.1320253
173,0.0004361504,0.0001627846,2.213471E-05,3.747328E-05,0.00143618,0.02746647,0.004525444,0.1228749,0.7019879,0.02794027,0.1131103
174,0.000463916,0.0001740642,2.352676E-05,3.989957E-05,0.001604487,0.02990571,0.005527997,0.134232,0.7005473,0.02630933,0.1011717
175,0.0005446674,0.0002051676,2.761249E-05,4.663404E-05,0.001939709,0.03529729,0.007033129,0.1547959,0.6750823,0.0270555,0.09797201
176,0.0006786315,0.000256293,3.442367E-05,5.75514E-05,0.002432922,0.04350202,0.008917411,0.182742,0.6305695,0.02984477,0.1009646
177,0.0008496041,0.0003213868,4.319002E-05,7.110731E-05,0.003003771,0.05324397,0.01072725,0.2120677,0.5735755,0.03423372,0.1118627
178,0.0009893673,0.0003748655,5.051365E-05,8.1629E-05,0.003401346,0.06034486,0.01150744,0.2291445,0.518033,0.03916737,0.136905
179,0.001019398,0.0003872572,5.235105E-05,8.301799E-05,0.00339168,0.06071108,0.01071856,0.2251417,0.476723,0.04377856,0.1779934
180,0.0009969581,0.0003798526,5.145382E-05,8.02017E-05,0.003217538,0.05825455,0.009500245,0.2150291,0.4515381,0.04831957,0.2126324
181,0.0008084433,0.000311925,4.198154E-05,6.47002E-05,0.002730092,0.04843063,0.00769819,0.1919551,0.5118249,0.04180728,0.1943268
182,0.0006228151,0.0002435575,3.249236E-05,4.990692E-05,0.002102812,0.03796723,0.005865868,0.1580874,0.5854262,0.03664929,0.1729524
183,0.0005167838,0.0002047158,2.703326E-05,4.159271E-05,0.001784822,0.03238291,0.005161853,0.1406391,0.6437258,0.03137499,0.1441405
184,0.0004031312,0.0001619398,2.114562E-05,3.286352E-05,0.001465888,0.02643761,0.004626375,0.122021,0.7077043,0.02463952,0.1124861
185,0.0003125355,0.0001274012,1.644451E-05,2.600587E-05,0.00123956,0.02179141,0.004512629,0.1080673,0.760909,0.01831843,0.08467935
186,0.0002745381,0.0001135375,1.448052E-05,2.334608E-05,0.001227621,0.0204154,0.005382277,0.1080351,0.7851493,0.01425611,0.06510824
187,0.0002784376,0.0001167627,1.471108E-05,2.407515E-05,0.001406651,0.02173286,0.007350462,0.1203159,0.7828189,0.01229754,0.0536436
188,0.000333069,0.0001414068,1.762238E-05,2.894965E-05,0.001821301,0.02635428,0.0106161,0.145995,0.7533023,0.01226974,0.04912027
189,0.0004395497,0.0001886656,2.331086E-05,3.809615E-05,0.002495469,0.03439648,0.01530392,0.1860258,0.6956327,0.01388953,0.05156648
190,0.0005475196,0.0002375631,2.919813E-05,4.713967E-05,0.003073946,0.04158496,0.01857224,0.2165687,0.6426567,0.01599834,0.06068365
191,0.000674466,0.0002955548,3.622831E-05,5.747001E-05,0.003638031,0.04918825,0.02082494,0.2444936,0.5852051,0.01908945,0.07649685
192,0.0007596498,0.0003362241,4.11592E-05,6.412982E-05,0.003894291,0.05329487,0.02072289,0.2571013,0.5417339,0.02267322,0.09937844
193,0.0009093438,0.0004018443,4.955088E-05,7.598875E-05,0.003812156,0.0584536,0.01851486,0.2516446,0.4723253,0.03482043,0.1589924
194,0.0009581164,0.000422745,5.240849E-05,7.924037E-05,0.003815869,0.05918311,0.01686383,0.2537962,0.4332693,0.04194446,0.1896146
195,0.0009546317,0.000420669,5.232679E-05,7.819509E-05,0.003627901,0.05703387,0.01462233,0.2466414,0.4167456,0.04810253,0.2117205
196,0.000888127,0.0003910273,4.870476E-05,7.217393E-05,0.003240521,0.05173109,0.01198729,0.2285782,0.4267788,0.05183456,0.2244495
197,0.0007911001,0.0003480468,4.332671E-05,6.390059E-05,0.002794541,0.04528739,0.009609942,0.2058672,0.4602208,0.05251609,0.2224577
198,0.0007570203,0.0003324343,4.132803E-05,6.072821E-05,0.002608423,0.04268853,0.008467115,0.1961181,0.4846333,0.05295756,0.2113354
199,0.0007566449,0.0003313734,4.114721E-05,6.024713E-05,0.002556235,0.04210225,0.007922467,0.1931407,0.5005758,0.05353192,0.1989812
200,0.0008295794,0.0003618446,4.495195E-05,6.539455E-05,0.002745356,0.04535995,0.00811883,0.2024297,0.4914715,0.0564565,0.1921164
201,0.0008976934,0.0003898574,4.853623E-05,7.001514E-05,0.00290685,0.04822793,0.008176781,0.2089471,0.4748935,0.0596798,0.195762
202,0.0009037573,0.0003909823,4.884922E-05,6.977811E-05,0.002858167,0.04779755,0.007596113,0.202624,0.4618737,0.06158191,0.2142552
203,0.0008293,0.0003576659,4.484193E-05,6.348368E-05,0.002567877,0.04342844,0.006469565,0.1839994,0.4650483,0.06132485,0.2358663
204,0.0007585614,0.0003260807,4.099335E-05,5.760115E-05,0.002311819,0.03951079,0.005591054,0.1686794,0.4807933,0.06051302,0.2414173
205,0.0006371195,0.0002733837,3.443245E-05,4.821382E-05,0.001979874,0.03379596,0.004721721,0.1505728,0.5405278,0.05244917,0.2149595
206,0.0005181907,0.000221998,2.798896E-05,3.922823E-05,0.001623456,0.02802363,0.003944089,0.1298914,0.6015704,0.04518394,0.1889556
207,0.0004344211,0.0001857519,2.343459E-05,3.30037E-05,0.001394884,0.02417529,0.003594317,0.1166361,0.6571197,0.03794064,0.1584624
208,0.0003939283,0.0001680293,2.121203E-05,3.00795E-05,0.001316613,0.02266996,0.00372083,0.1129015,0.6940916,0.03234726,0.132339
209,0.0003729207,0.0001587213,2.004875E-05,2.865874E-05,0.001311473,0.02223249,0.004132675,0.1138579,0.7172309,0.02796991,0.1126843
210,0.0003836608,0.000162959,2.059579E-05,2.962806E-05,0.001420081,0.02352856,0.004957272,0.1221349,0.7206265,0.02562754,0.1011083
211,0.000452445,0.0001916693,2.424998E-05,3.491078E-05,0.001733682,0.02802247,0.006476047,0.1428436,0.6980202,0.02613825,0.09606247
212,0.0005758859,0.0002432062,3.084266E-05,4.418301E-05,0.002235614,0.03543238,0.008582161,0.1737057,0.6529634,0.02898499,0.09720173
213,0.0007504373,0.0003158543,4.023436E-05,5.700989E-05,0.002878575,0.04518701,0.01085436,0.2095157,0.5903703,0.03385901,0.1061715
214,0.0009424464,0.0003953029,5.070233E-05,7.071822E-05,0.003506852,0.05507487,0.01253749,0.2402172,0.5207759,0.04006196,0.1263666
215,0.001103965,0.0004615019,5.970781E-05,8.172869E-05,0.003947939,0.06249443,0.01309509,0.2583596,0.4497379,0.04727196,0.1633862
216,0.001069299,0.0004462989,5.821724E-05,7.830503E-05,0.003673047,0.05912005,0.01120477,0.2410754,0.4070564,0.05303967,0.2231785
217,0.0008663078,0.0003631373,4.742777E-05,6.301476E-05,0.003018668,0.04839281,0.008592981,0.20919,0.4478596,0.04949855,0.2321075
218,0.0006497871,0.0002737525,3.567246E-05,4.722995E-05,0.002228226,0.03664447,0.006120424,0.1671471,0.5327309,0.0447022,0.2094201
219,0.0004768176,0.0002018732,2.618356E-05,3.485065E-05,0.001651695,0.02762111,0.004628203,0.1340065,0.6312664,0.03620815,0.1638783
220,0.000364567,0.0001550351,1.999934E-05,2.696089E-05,0.001319098,0.02206995,0.004038789,0.1139399,0.7089471,0.02769534,0.1214231
221,0.0003209367,0.0001369603,1.757536E-05,2.405049E-05,0.00124896,0.02042887,0.004400484,0.1104984,0.7477287,0.0220304,0.09316454
222,0.0002917321,0.0001250044,1.596087E-05,2.221405E-05,0.001246076,0.01958184,0.005166382,0.1112292,0.7708548,0.01768263,0.07378416
223,0.0003092679,0.0001330313,1.690596E-05,2.379649E-05,0.001438807,0.02148638,0.006863538,0.12472,0.7646855,0.01595712,0.0643657
224,0.0003799165,0.0001639108,2.076033E-05,2.927037E-05,0.00185817,0.02653253,0.009623047,0.1512096,0.7333865,0.01640329,0.06039295
225,0.0004699694,0.0002034226,2.572363E-05,3.614409E-05,0.002352756,0.03253905,0.01266994,0.1815106,0.6871694,0.01804849,0.06497461
226,0.0005432854,0.000236103,2.987326E-05,4.160593E-05,0.002684671,0.03675325,0.01423805,0.1989063,0.6504344,0.01986896,0.07626367
227,0.0006018453,0.0002626392,3.328559E-05,4.585219E-05,0.002894942,0.03964837,0.01478523,0.2094051,0.617991,0.02217139,0.09216036
228,0.0006056355,0.0002655953,3.370897E-05,4.600567E-05,0.002827423,0.03904765,0.01379345,0.2056173,0.6052396,0.02409356,0.1084302
229,0.0004976189,0.0002206845,2.787874E-05,3.798926E-05,0.002328018,0.03215608,0.01098023,0.1781488,0.6435413,0.02256697,0.1094944
230,0.0004188262,0.0001877856,2.35589E-05,3.226331E-05,0.001967247,0.02728279,0.009290108,0.158002,0.6817597,0.02069976,0.1003358
231,0.0003610739,0.0001636941,2.035631E-05,2.818731E-05,0.001746734,0.02398859,0.008583104,0.1460341,0.7146651,0.01834559,0.08606347
232,0.000311163,0.0001427011,1.75705E-05,2.473396E-05,0.001586582,0.02128606,0.008377982,0.1371295,0.7432337,0.01569143,0.07219849
233,0.0002989626,0.0001386987,1.689798E-05,2.417808E-05,0.001622607,0.02098358,0.009330279,0.1409582,0.7489579,0.01413939,0.06352939
234,0.0003028834,0.0001422024,1.714034E-05,2.489823E-05,0.001745847,0.02166774,0.01086654,0.1503055,0.7433702,0.01325998,0.05829706
235,0.0003662925,0.0001738902,2.075324E-05,3.029616E-05,0.002166417,0.0260077,0.01397786,0.1778201,0.7070661,0.01414818,0.05822232
236,0.0005106373,0.000244653,2.897362E-05,4.208539E-05,0.003001526,0.03522538,0.01930422,0.229338,0.6334662,0.0170549,0.0617835
237,0.0007372061,0.0003560298,4.200812E-05,6.014523E-05,0.004146454,0.04855677,0.02531964,0.2934976,0.5351608,0.02175467,0.07036881
238,0.00106406,0.0005172124,6.107242E-05,8.545397E-05,0.005568983,0.06612077,0.03106342,0.3644091,0.4164691,0.02848512,0.08615579
239,0.001371528,0.0006705417,7.955802E-05,0.0001083012,0.006604297,0.08040876,0.03291912,0.4076197,0.3132376,0.03625007,0.1207304
240,0.001615087,0.0007933424,9.481353E-05,0.0001251828,0.007148346,0.08955368,0.03154739,0.4217646,0.2350305,0.04457703,0.1677501
241,0.001628096,0.0008102003,9.719353E-05,0.0001238035,0.007452215,0.08974132,0.0290823,0.4343966,0.199775,0.04496003,0.1919332
242,0.001333335,0.0006733206,8.104705E-05,0.0001007566,0.005652415,0.07230858,0.01955916,0.3572426,0.2225005,0.05111302,0.2694353
243,0.00091842,0.0004704996,5.651204E-05,6.983191E-05,0.003685747,0.0502234,0.01156961,0.2662804,0.3481739,0.04988327,0.2686684
244,0.0006362735,0.0003306257,3.941096E-05,4.896838E-05,0.002492231,0.03561121,0.007487586,0.1991461,0.5101941,0.04045132,0.2035622
245,0.0004476309,0.0002357709,2.779865E-05,3.520818E-05,0.001784348,0.02623474,0.005539166,0.1556192,0.6370663,0.03015215,0.1428577
246,0.0003302261,0.0001762204,2.053404E-05,2.677694E-05,0.001400531,0.02067436,0.004860906,0.1301841,0.7194977,0.02157747,0.1012512
247,0.0003408174,0.000184139,2.120069E-05,2.819008E-05,0.001535843,0.02226877,0.005970754,0.1406137,0.7254525,0.01908107,0.08450308
248,0.0004248227,0.0002318413,2.64056E-05,3.553726E-05,0.002024973,0.02849072,0.008734901,0.1764785,0.6860387,0.01974142,0.07777224
249,0.0005531341,0.0003048504,3.447761E-05,4.648783E-05,0.002669627,0.03713075,0.01194221,0.2205897,0.6227568,0.02234555,0.08162659
250,0.000659419,0.0003670229,4.137994E-05,5.550742E-05,0.003107865,0.0436639,0.01362914,0.2478095,0.5677165,0.0252851,0.09766474
251,0.0006816077,0.0003831287,4.316802E-05,5.754549E-05,0.003092416,0.04453966,0.01294938,0.2462782,0.5396448,0.02770175,0.1246284
252,0.0006401763,0.000363199,4.089248E-05,5.437735E-05,0.002804577,0.04161335,0.01121827,0.2299504,0.5373348,0.0293916,0.1465883
253,0.0006480078,0.0003648246,4.146693E-05,5.526692E-05,0.002356435,0.03939683,0.008900193,0.2007543,0.4931298,0.04242405,0.2119289
254,0.0005453058,0.0003045443,3.483655E-05,4.68295E-05,0.001938549,0.0330218,0.007017445,0.1759737,0.5271097,0.04302311,0.2109842
255,0.0004781025,0.0002645937,3.038222E-05,4.13694E-05,0.001681859,0.02902984,0.005989784,0.160761,0.5667881,0.04151788,0.193417
256,0.0004488195,0.0002459846,2.830829E-05,3.914241E-05,0.001579015,0.02743314,0.00566492,0.1559416,0.5957689,0.03971875,0.1731315
257,0.0004144451,0.0002250117,2.59349E-05,3.651205E-05,0.00147147,0.02564623,0.00541512,0.149764,0.6259768,0.03657088,0.1544536
258,0.000439265,0.0002363001,2.727588E-05,3.899621E-05,0.001573582,0.02734054,0.005942385,0.1592078,0.6238396,0.03611534,0.145239
259,0.0005088268,0.0002713297,3.138322E-05,4.538042E-05,0.001826522,0.0315843,0.006983723,0.1793145,0.6006901,0.0379196,0.1408243
260,0.00062986,0.0003331154,3.866764E-05,5.622717E-05,0.002236773,0.03858402,0.008443925,0.2091188,0.5544637,0.04227881,0.143816
261,0.0007522707,0.0003949573,4.610058E-05,6.70966E-05,0.00261181,0.04523184,0.009490566,0.233458,0.5011595,0.04757898,0.1592088
262,0.0008767219,0.0004571684,5.376764E-05,7.795927E-05,0.002947787,0.05151268,0.01008404,0.2518757,0.4434449,0.05392499,0.1847442
263,0.0008182144,0.0004244504,5.032418E-05,7.273744E-05,0.002662799,0.04740037,0.008510081,0.2287434,0.4221905,0.05656336,0.2325638
264,0.0007384694,0.0003808626,4.544343E-05,6.563801E-05,0.00233839,0.04240219,0.007046732,0.2055437,0.4232502,0.05826511,0.2599233
265,0.0005860299,0.0003005146,3.602449E-05,5.230644E-05,0.001862891,0.03414458,0.005435965,0.1737191,0.4963714,0.05178814,0.2357031
266,0.0004888754,0.0002489746,2.99426E-05,4.389376E-05,0.001551599,0.02889751,0.00454604,0.1514896,0.5629351,0.04586061,0.2039078
267,0.0003808606,0.0001926013,2.321704E-05,3.460559E-05,0.001231936,0.02319564,0.003796963,0.1275009,0.6437694,0.03696287,0.1629109
268,0.0003160234,0.0001585837,1.916331E-05,2.916306E-05,0.001067582,0.02003637,0.00364313,0.1148253,0.7028389,0.02921059,0.1278552
269,0.0002755477,0.000137229,1.662257E-05,2.591591E-05,0.0009977582,0.01834868,0.003935545,0.109746,0.7438361,0.02298624,0.09969436
270,0.0002982651,0.0001474627,1.789835E-05,2.84234E-05,0.001158649,0.02053621,0.005240006,0.1235595,0.7437293,0.02077316,0.08451115
271,0.0003645711,0.0001790571,2.178895E-05,3.499182E-05,0.001490322,0.02544206,0.007415811,0.1500285,0.7167056,0.02103192,0.0772854
272,0.0004791145,0.0002340161,2.8592E-05,4.605189E-05,0.001994975,0.03317615,0.01032053,0.1876151,0.6629546,0.02356251,0.07958842
273,0.0005797433,0.0002821203,3.468351E-05,5.569994E-05,0.002383459,0.03933941,0.01215364,0.2127627,0.6133434,0.0264251,0.0926401
274,0.0006625131,0.0003214487,3.982272E-05,6.351458E-05,0.002642951,0.04380931,0.01288053,0.2273798,0.5664606,0.02992055,0.1158189
275,0.0007063691,0.0003418842,4.26871E-05,6.757712E-05,0.002720786,0.04561273,0.012521,0.2310065,0.5295959,0.03380237,0.1435823
276,0.0006826747,0.0003298211,4.14518E-05,6.530191E-05,0.002543144,0.04334732,0.01103036,0.2196121,0.517415,0.03682504,0.1681077
277,0.0006323523,0.0003072094,3.857534E-05,6.066541E-05,0.002406963,0.04055355,0.009986763,0.2130789,0.5335225,0.03533549,0.1640769
278,0.0004905447,0.0002398874,3.002697E-05,4.761677E-05,0.001851548,0.03189469,0.007519669,0.1756227,0.5989351,0.03169427,0.151674
279,0.0004318463,0.0002122961,2.644727E-05,4.244269E-05,0.001647564,0.02859964,0.006796941,0.1620993,0.6371867,0.02863456,0.1343222
280,0.0003502122,0.0001731258,2.143457E-05,3.511094E-05,0.001385391,0.02401612,0.006050182,0.1430631,0.6920297,0.02361199,0.1092637
281,0.0002958558,0.0001470789,1.808617E-05,3.037794E-05,0.001243861,0.02118091,0.005976304,0.1324427,0.7310236,0.01914896,0.08849238
282,0.0002891962,0.0001445682,1.764728E-05,3.034058E-05,0.001308403,0.02149379,0.007034348,0.138339,0.7395679,0.01673887,0.07503588
283,0.0003105495,0.000156141,1.892542E-05,3.315313E-05,0.001501308,0.02365364,0.00889836,0.1538979,0.7285069,0.01574449,0.06727871
284,0.0003603804,0.0001823096,2.19696E-05,3.892897E-05,0.001814605,0.02761397,0.01140669,0.1776649,0.6987966,0.01609896,0.06600063
285,0.0004489682,0.0002285134,2.743813E-05,4.873824E-05,0.002273767,0.0339126,0.01444814,0.2101427,0.6504978,0.01785672,0.07011469
286,0.0005443952,0.0002788033,3.343745E-05,5.921479E-05,0.002704241,0.04015057,0.01675418,0.2386914,0.5992509,0.02041519,0.0811177
287,0.0005631159,0.000290497,3.485974E-05,6.152983E-05,0.002702222,0.04063388,0.0158972,0.2366828,0.5802603,0.02231399,0.1005597
288,0.000532951,0.0002769379,3.322964E-05,5.86643E-05,0.002476097,0.03790028,0.01381729,0.221151,0.5843119,0.02355652,0.1158851
289,0.0005700233,0.0002952458,3.563442E-05,6.305614E-05,0.002274865,0.03821255,0.01198233,0.2069009,0.5566934,0.03152861,0.1514435
290,0.0005455014,0.0002816085,3.411361E-05,6.0685E-05,0.00212695,0.03600229,0.01066282,0.1977721,0.5664781,0.03325715,0.1527786
291,0.0005404751,0.0002780001,3.375554E-05,6.040671E-05,0.002069051,0.03519653,0.009958973,0.1945428,0.5718701,0.03456765,0.1508823
292,0.0005272898,0.0002702723,3.286779E-05,5.923363E-05,0.001990814,0.03401441,0.009270271,0.1893483,0.5817345,0.03496694,0.1477851
293,0.0005042095,0.0002576225,3.136233E-05,5.69804E-05,0.001885023,0.0323439,0.008549986,0.1816346,0.5953594,0.03450466,0.1448722
294,0.0004961743,0.0002527111,3.078597E-05,5.63978E-05,0.001843785,0.03170181,0.008208044,0.1786029,0.6028629,0.03419716,0.1417474
295,0.0005576073,0.0002829431,3.450804E-05,6.350715E-05,0.00205222,0.03523783,0.008932415,0.1936623,0.5820692,0.0363942,0.1407132
296,0.0006342137,0.0003206288,3.918163E-05,7.226714E-05,0.002303106,0.03955163,0.009737898,0.2112222,0.5521176,0.03955337,0.1444479
297,0.0007268219,0.000366235,4.491267E-05,8.269982E-05,0.00257918,0.04450402,0.01039744,0.2285825,0.5115495,0.04388228,0.1572845
298,0.000764093,0.0003840443,4.730542E-05,8.684905E-05,0.002637666,0.04601469,0.01002074,0.2301147,0.4811854,0.04756946,0.1811749
299,0.0007211886,0.0003618083,4.474261E-05,8.202142E-05,0.002424061,0.04297226,0.008662472,0.2140532,0.4740163,0.04953431,0.2071276
300,0.0006444478,0.0003226792,3.999794E-05,7.345541E-05,0.002122896,0.03827246,0.007218924,0.1930256,0.4939784,0.04945645,0.2148446
301,0.0004032651,0.0002058113,2.509734E-05,4.690671E-05,0.001549896,0.02631937,0.005408102,0.1528757,0.656524,0.02791508,0.1287268
302,0.0003073124,0.0001597006,1.913275E-05,3.670031E-05,0.001264464,0.02139435,0.004942853,0.1306297,0.7267874,0.02023955,0.09421885
303,0.0002451789,0.0001297366,1.525507E-05,3.030488E-05,0.00113485,0.01851149,0.005327101,0.1205443,0.7717751,0.01454849,0.06773817
